20240103,100000,271.9000,274.7000,271.0000,274.5600,20586020
20240104,100000,274.6700,275.4800,273.7000,274.1200,11729380
20240105,100000,274.3000,274.6900,272.8000,273.6200,9635550
20240108,100000,273.6000,277.0000,273.5300,276.7600,21489440
20240109,100000,276.9700,278.0000,274.7100,275.2800,20316030
20240110,100000,275.3000,276.1600,273.6400,274.4900,20660410
20240111,100000,274.7800,275.9700,274.0100,275.7100,19526030
20240112,100000,276.0000,276.9600,274.7700,275.8400,17702040
20240115,100000,276.4500,277.7300,275.2100,275.9600,21397690
20240116,100000,276.2200,276.4500,274.1000,276.0100,16110240
20240117,100000,276.0200,279.1700,275.7500,278.0000,34256680
20240118,100000,278.2400,278.8700,276.7600,277.0700,17701680
20240119,100000,277.3900,277.4700,273.5500,274.8600,28052580
20240122,100000,274.8600,275.9000,273.8500,274.9300,15086860
20240123,100000,274.7000,277.2600,274.3100,275.9000,20092540
20240124,100000,275.9000,276.4400,273.7000,273.7700,20203730
20240125,100000,274.0000,274.1800,271.5500,272.8100,24436130
20240126,100000,273.1000,273.7200,272.2100,272.6500,11131250
20240129,100000,273.0200,274.9500,272.7000,274.0500,17095190
20240130,100000,274.0100,277.2500,273.9700,275.6700,27236150
20240131,100000,275.8400,276.4500,275.0000,276.0000,12543740
20240201,100000,276.0300,277.7500,275.9300,276.8600,15976730
20240202,100000,277.0000,277.3000,276.0000,276.7400,12718190
20240205,100000,277.0000,278.5700,276.9000,277.8400,16056990
20240206,100000,278.0000,278.9900,277.3000,278.6700,15960270
20240207,100000,278.8200,284.5000,278.8100,284.4100,45372390
20240208,100000,284.5200,286.2400,281.2500,282.1700,44132450
20240209,100000,282.1700,284.0000,281.5000,283.5000,24378920
20240212,100000,283.6600,287.8400,283.5000,287.2800,33890070
20240213,100000,287.5200,289.0000,285.4000,287.0700,33307500
20240214,100000,287.0700,290.6000,286.8400,289.0600,35874260
20240215,100000,289.3000,290.4500,287.6300,290.2400,25912290
20240216,100000,290.4700,292.3000,286.2500,288.3300,53446950
20240219,100000,288.5100,289.9800,287.0700,288.9300,24327480
20240220,100000,289.2000,289.2800,283.2900,283.9000,44972610
20240221,100000,283.9000,285.2800,280.2000,282.0000,48915360
20240222,100000,282.1000,285.0500,282.1000,284.7700,25175120
20240226,100000,288.5200,291.3000,287.0000,291.2500,42969530
20240227,100000,291.3500,293.0000,290.5500,292.5200,32504830
20240228,100000,292.6000,293.9500,289.7500,291.7500,49330680
20240229,100000,292.3100,293.2000,291.3000,292.1900,22436940
20240301,100000,292.2000,295.8800,292.2000,295.3800,27129280
20240304,100000,295.8700,299.5000,295.8000,299.1700,40609910
20240305,100000,299.3300,300.4100,297.5700,298.4000,41756340
20240306,100000,298.2000,299.3300,296.8200,297.7100,17756170
20240307,100000,297.7200,300.5800,297.2400,300.4000,21982790
20240311,100000,301.0000,302.9500,298.5000,299.7900,41781940
20240312,100000,299.6000,301.0700,297.3400,300.9000,28743980
20240313,100000,301.2000,301.4900,298.7000,298.8500,24012100
20240314,100000,298.5000,298.7000,295.1400,295.8300,42205930
20240315,100000,295.7100,299.4400,295.2900,298.3000,26040280
20240318,100000,299.4000,299.9800,297.6300,298.8700,20281860
20240319,100000,298.3000,299.4000,294.2100,295.2000,59714940
20240320,100000,295.3000,296.8800,293.5200,295.4000,30703230
20240321,100000,295.9900,297.3000,291.8000,295.6200,70680800
20240322,100000,295.7700,296.7900,291.0500,292.9900,48982100
20240325,100000,294.0000,294.9300,292.1300,293.9000,25567820
20240326,100000,294.5000,295.8200,293.0400,294.1100,16295560
20240327,100000,294.4700,295.1100,293.4700,295.1000,14560090
20240328,100000,295.5000,299.3000,295.5000,299.0000,33675160
20240329,100000,299.3800,299.5000,298.0000,298.7200,17705950
20240401,100000,300.0000,301.6500,299.5000,300.4300,28662870
20240402,100000,300.4300,300.9900,298.9500,300.3800,19980460
20240403,100000,300.4000,307.1300,300.1700,306.7200,58228980
20240404,100000,306.8000,307.7700,304.3600,304.6100,29074900
20240405,100000,304.6200,306.5000,303.7000,306.1000,19355990
20240408,100000,306.5000,308.6000,306.2200,307.7500,24899610
20240409,100000,308.1000,309.3500,305.5100,306.7600,32044440
20240410,100000,306.7600,307.1400,304.6200,306.4800,20682180
20240411,100000,306.7000,308.0000,305.7000,306.9500,20527000
20240412,100000,307.4000,307.8700,306.3000,307.1000,16025300
20240415,100000,307.4700,308.3900,306.6400,307.9900,20746510
20240416,100000,308.0000,308.6500,307.0000,308.2900,17135850
20240417,100000,308.6500,309.7400,305.9100,306.5900,28227330
20240418,100000,306.0100,308.2900,305.0500,307.9900,20387560
20240419,100000,308.0000,308.3800,306.8000,307.3800,14578320
20240422,100000,308.0000,315.0000,307.3800,314.9900,69006740
20240423,100000,315.3900,315.7900,306.2600,307.3900,92863630
20240424,100000,307.5000,309.7900,306.6500,307.9400,26557490
20240425,100000,307.9500,309.0700,307.4500,308.4100,15946760
20240426,100000,308.5000,309.9000,308.0000,309.0000,21146360
20240427,100000,309.2500,309.9900,308.7000,308.9800,13111060
20240429,100000,309.1400,309.6000,307.6500,308.9700,10025690
20240430,100000,309.1900,309.4900,308.0300,308.2400,5980690
20240502,100000,308.7000,309.1900,306.8000,307.3700,16262520
20240503,100000,307.1100,308.2900,304.3400,307.5300,30466990
20240506,100000,308.1000,308.1000,305.5500,306.0100,19203550
20240507,100000,306.2300,308.8700,306.2100,308.2200,16616810
20240508,100000,308.4100,311.8300,308.0800,311.2100,33881400
20240510,100000,311.5000,313.5000,311.3100,313.4900,16715650
20240513,100000,314.1000,315.7000,314.0400,314.8500,21712460
20240514,100000,315.0000,318.4100,313.5800,318.1200,35247320
20240515,100000,318.2000,320.1600,317.7000,319.7000,28351820
20240516,100000,320.0000,322.9100,320.0000,322.9100,27847220
20240517,100000,322.9600,323.5000,320.0200,323.1600,24398590
20240520,100000,324.0000,324.8500,318.9400,321.0800,36736790
20240521,100000,320.8800,322.2300,318.0000,320.6400,34019460
20240522,100000,320.8000,323.1000,320.8000,322.9300,18651840
20240523,100000,322.8000,324.0000,321.2300,323.5400,17865490
20240524,100000,323.8300,324.4800,319.7800,321.0000,26594700
20240527,100000,321.0100,321.9500,315.5000,317.0900,45712960
20240528,100000,317.5000,320.9000,315.8200,318.2200,30187790
20240529,100000,318.2500,320.4000,315.9200,320.3800,22989260
20240530,100000,320.9100,321.5500,316.0000,316.6300,27005390
20240531,100000,316.0000,318.4900,309.8000,313.1100,49206450
20240603,100000,313.5000,315.5000,305.0000,310.9500,61860770
20240604,100000,310.9800,316.5000,308.8000,316.4900,33070240
20240605,100000,316.6300,318.2800,313.8500,314.7200,27792110
20240606,100000,314.7000,316.4500,311.1500,313.0800,28328920
20240607,100000,313.8000,320.6400,312.7300,319.9000,44484260
20240610,100000,320.8000,321.9800,315.2100,317.2800,26344630
20240611,100000,317.5000,319.8400,315.8800,317.8000,20064950
20240613,100000,305.7000,317.8200,304.1400,317.7100,41281520
20240614,100000,317.8000,320.7000,316.2000,319.3500,21488970
20240617,100000,320.0000,320.4500,316.8500,317.6500,15476190
20240618,100000,317.6500,318.0000,313.0200,314.3400,22024090
20240619,100000,314.3800,314.7800,307.5100,310.7000,42183660
20240620,100000,310.7000,314.7200,306.0200,314.1500,72789950
20240621,100000,315.0000,316.0000,312.6000,314.1400,29116600
20240624,100000,314.7000,319.0000,314.1400,317.2500,29607080
20240625,100000,317.5000,319.8900,316.2800,319.8000,25978180
20240626,100000,320.1000,324.5600,319.8000,324.5500,42491110
20240627,100000,324.8000,327.8300,322.6300,327.1600,46771370
20240628,100000,327.8700,329.3000,325.8000,327.1500,40451800
20240701,100000,327.6400,329.0000,326.2500,327.1000,31710510
20240702,100000,327.3500,328.8700,326.8200,328.3700,21155650
20240703,100000,328.5800,330.4500,327.0000,328.2000,32156700
20240704,100000,328.3900,329.5700,323.8100,324.6600,40766110
20240705,100000,324.7100,327.0000,321.0100,325.0000,40433010
20240708,100000,325.7600,327.4400,323.7400,324.0700,27756900
20240709,100000,324.3000,325.3300,317.5000,319.9900,54199810
20240710,100000,319.0000,320.3000,314.3000,316.6800,88512550
20240711,100000,289.9600,296.9800,285.2200,295.8700,168030600
20240712,100000,296.0000,297.4800,290.9700,292.2100,49999170
20240715,100000,293.0000,293.8600,283.5000,284.3800,58737560
20240716,100000,284.4900,285.6900,276.7000,285.2500,82870860
20240717,100000,285.8400,289.9600,283.2300,284.6800,42824670
20240718,100000,284.6800,289.9900,282.7300,289.8300,34090360
20240719,100000,290.6700,292.5800,289.2000,289.9000,31022060
20240722,100000,291.0000,294.9500,291.0000,294.7100,33386610
20240723,100000,295.4700,295.4800,293.3600,294.3900,22190840
20240724,100000,294.3900,296.6700,293.2000,295.6900,24565710
20240725,100000,295.6900,297.3000,294.2000,296.3700,22868740
20240726,100000,296.4000,300.0000,292.6700,293.3000,84909830
20240729,100000,293.0000,293.0000,286.0000,286.5800,52445850
20240730,100000,286.5000,291.9900,284.3200,290.0000,42572480
20240731,100000,290.4700,291.2000,288.0100,289.3000,25974520
20240801,100000,289.8700,290.6900,287.0400,287.2100,18646450
20240802,100000,287.2100,287.9900,284.3700,286.0400,30086580
20240805,100000,282.7900,283.4600,275.1700,275.4900,82141460
20240806,100000,277.0100,281.1600,276.3500,279.4000,43600150
20240807,100000,280.0000,283.2700,277.2100,282.2000,48494490
20240808,100000,283.4000,285.4200,280.0000,281.0900,42425830
20240809,100000,281.0000,282.6700,279.6200,281.4400,22302730
20240812,100000,280.0100,281.5000,278.0300,280.7400,27767330
20240813,100000,281.0500,284.3300,280.4200,283.9200,24058790
20240814,100000,284.3000,284.7000,280.1200,280.3200,21757040
20240815,100000,280.5000,280.8500,276.7300,278.0100,28665290
20240816,100000,278.0500,279.0000,274.3200,274.6000,26195850
20240819,100000,275.0000,275.5600,265.0200,268.1700,68626200
20240820,100000,268.3500,269.4900,263.3600,266.2000,54276130
20240821,100000,266.2000,267.8000,263.8600,266.9300,37127480
20240822,100000,266.9300,268.5000,260.1500,261.6000,47907530
20240823,100000,261.6100,262.8000,255.5600,259.5000,76719180
20240826,100000,263.5500,266.9500,261.5400,265.3900,49974250
20240827,100000,265.8300,266.0700,259.8200,260.5000,32345170
20240828,100000,259.9000,262.4700,254.9900,262.4700,47867970
20240829,100000,262.5800,264.1900,258.3600,260.3100,34802250
20240830,100000,260.5000,261.8000,254.0000,254.4500,46118490
20240902,100000,254.0300,254.2000,242.6500,244.3100,97662430
20240903,100000,244.4000,250.0000,240.0100,244.0400,105673360
20240904,100000,244.5100,253.5000,242.8000,253.0100,70652080
20240905,100000,255.0000,258.1700,251.1100,252.8200,78616830
20240906,100000,253.0100,255.3500,250.3100,254.7700,41336330
20240909,100000,256.3200,263.4500,255.3000,263.3100,66128940
20240910,100000,264.6100,264.6100,258.7000,261.2900,57937830
20240911,100000,260.3100,262.0000,257.5000,258.2000,38293710
20240912,100000,257.8000,258.6800,252.8500,254.9300,46358080
20240913,100000,255.1900,259.9200,248.7500,258.2500,111180360
20240916,100000,259.6400,264.3700,257.8000,263.7900,52643180
20240917,100000,264.1200,267.0000,260.5500,265.9900,57565620
20240918,100000,265.7300,267.9900,263.1500,263.4000,43376640
20240919,100000,263.9400,266.1900,262.3200,264.5000,35683170
20240920,100000,264.5200,269.2100,264.5000,269.0800,38767000
20240923,100000,269.3000,273.8000,269.3000,273.1700,49396850
20240924,100000,273.9000,273.9400,270.5000,272.9200,36984140
20240925,100000,272.9200,273.8000,267.3000,267.8000,43803870
20240926,100000,267.5400,269.7600,265.4100,267.8800,31888540
20240927,100000,268.9000,269.7000,267.1700,268.0700,18889430
20240930,100000,269.2600,272.3300,268.1400,268.4900,42519740
20241001,100000,267.6000,268.6800,264.0000,266.2900,52125800
20241002,100000,266.0100,268.0000,258.5200,259.3100,46519200
20241003,100000,259.3100,264.4900,257.2000,264.2500,56534560
20241004,100000,264.9600,265.4400,262.1100,264.0900,25992290
20241007,100000,264.2500,267.0000,261.3700,263.3900,28940600
20241008,100000,263.0000,263.8000,261.8900,262.4000,16163780
20241009,100000,262.4200,263.8000,259.5900,260.8600,25021350
20241010,100000,260.8800,261.6400,258.9100,259.9800,17677230
20241011,100000,259.8000,260.0700,256.8000,256.9400,24848580
20241014,100000,256.1500,263.9100,254.1000,261.2800,64205680
20241015,100000,260.9400,263.7000,259.8400,262.0300,26247370
20241016,100000,262.0500,264.7200,258.4500,259.5000,40206260
20241017,100000,259.5000,260.4500,256.0300,256.5700,24658790
20241018,100000,256.2100,258.9000,254.4100,257.1900,30020250
20241021,100000,257.3000,259.8500,256.7800,258.2100,21471680
20241022,100000,258.1000,258.8000,255.2500,255.4200,17064680
20241023,100000,255.1000,255.9000,251.3400,252.0100,30420950
20241024,100000,252.0100,254.2700,250.2500,252.6400,28764370
20241025,100000,252.7200,255.3500,245.7000,246.3500,80587930
20241028,100000,245.0200,249.0000,241.6100,242.5600,71940990
20241029,100000,243.2000,244.6000,239.8800,242.6600,47134580
20241030,100000,242.7000,246.2200,241.1100,241.4500,39826840
20241031,100000,241.4000,242.8000,236.2300,237.9000,57274130
20241101,100000,237.9000,239.1000,234.5700,238.0300,48370770
20241102,100000,237.9000,240.0000,237.7100,238.9700,14895450
20241105,100000,239.6000,241.2000,238.0700,239.2300,28172270
20241106,100000,247.0000,248.5600,242.0500,243.6000,78965200
20241107,100000,243.2600,251.0000,242.1600,250.9300,44425190
20241108,100000,251.5000,255.9900,250.5000,255.9800,58086370
20241111,100000,257.9900,261.3000,256.4900,260.7300,67847940
20241112,100000,259.9900,260.7000,255.2700,255.7700,40926850
20241113,100000,255.2900,258.9600,254.0500,254.7000,44540020
20241114,100000,254.2600,255.9200,248.6000,249.5200,49011750
20241115,100000,249.3100,254.4300,248.0500,253.4300,44201700
20241118,100000,249.0000,251.9400,247.3000,248.7200,51559910
20241119,100000,249.0300,249.8300,239.6200,240.5900,75474680
20241120,100000,241.8200,243.5900,234.7400,237.0500,70349830
20241121,100000,237.1500,240.9400,234.0000,240.4700,75143570
20241122,100000,240.5000,241.0000,234.7800,236.0000,45621420
20241125,100000,236.0000,237.1000,227.2500,227.8100,76469770
20241126,100000,227.8000,231.9000,221.2000,223.1600,96795030
20241127,100000,223.9000,226.4700,219.2000,226.3000,112457620
20241128,100000,227.0000,229.5000,222.4800,228.5600,67840700
20241129,100000,228.4800,236.9900,227.5500,236.4900,70303900
20241202,100000,237.0200,238.7000,234.3200,235.1700,45142250
20241203,100000,235.2900,235.9700,230.2600,230.8000,45322870
20241204,100000,231.0000,233.7900,224.3000,224.5500,72417390
20241205,100000,224.5700,233.7500,222.8200,233.4800,86989140
20241206,100000,233.6300,238.2500,231.5200,237.8400,81096070
20241209,100000,239.2900,240.5100,236.7500,237.2900,52493640
20241210,100000,238.0000,238.0100,230.6500,230.8200,58740230
20241211,100000,230.5000,234.3900,229.2200,234.1900,64914300
20241212,100000,234.0000,235.9500,228.5200,229.0200,59171170
20241213,100000,228.9000,231.3300,227.8500,228.7000,46124660
20241216,100000,228.6200,229.0500,224.3800,225.5300,54593280
20241217,100000,225.6000,227.4900,223.7200,226.5000,45885470
20241218,100000,226.7200,230.8000,224.3300,230.1500,58056480
20241219,100000,230.1600,234.9900,227.7100,229.0000,124061370
20241220,100000,229.1000,258.9800,228.0300,257.6000,235186220
20241223,100000,260.0000,270.0000,256.5100,264.9000,163165650
20241224,100000,264.9400,266.7900,261.0200,264.3400,83808660
20241225,100000,263.6200,273.0000,260.3100,271.6900,125539910
20241226,100000,272.0000,274.2500,269.1000,269.5600,75735270
20241227,100000,269.6100,272.1600,268.5700,271.2000,52144690
20241228,100000,271.3500,273.9900,270.4000,272.8300,39585910
20241230,100000,274.0000,279.4900,273.7000,279.4300,52633750
20250103,100000,280.0000,280.4100,271.8000,272.2500,43086870
20250106,100000,270.8800,274.4100,270.0700,274.3700,28454750
20250108,100000,273.0700,277.8700,273.0700,277.0000,26634660
20250109,100000,276.7100,278.7700,270.7300,271.8000,52952880
20250110,100000,272.3100,279.5300,270.2700,278.7700,71154220
20250113,100000,280.6200,284.7500,278.6000,279.8000,66601710
20250114,100000,279.8400,282.3600,277.4100,279.8500,46037150
20250115,100000,280.0000,282.8200,276.0600,282.7700,52864450
20250116,100000,283.7000,284.0000,281.1800,281.8000,49453530
20250117,100000,282.2000,284.6400,280.1900,283.5300,51876150
20250120,100000,285.1000,286.2300,277.6100,278.1900,67946640
20250121,100000,279.3900,281.8500,276.3200,281.8500,40478260
20250122,100000,282.0000,284.0000,280.2000,280.3600,47106880
20250123,100000,280.7900,280.7900,277.3500,280.4900,38573410
20250124,100000,281.0000,282.7500,279.2500,280.7400,32155210
20250127,100000,280.7200,280.9700,275.0100,275.2300,39035610
20250128,100000,275.2500,279.2600,274.0100,278.3500,39030820
20250129,100000,278.0000,282.1800,277.1200,280.3600,39161630
20250130,100000,280.4400,282.5000,280.3600,281.9700,28020880
20250131,100000,281.9700,284.1100,280.2700,280.7300,40333120
20250203,100000,280.2100,280.3500,278.0000,279.5500,30373760
20250204,100000,279.5500,281.4100,275.7000,277.4000,23986670
20250205,100000,277.3000,283.8900,275.3400,282.8800,43070410
20250206,100000,283.8900,288.9200,282.0900,287.1500,69363150
20250207,100000,287.6600,288.9000,285.0800,285.8100,27626070
20250210,100000,287.6100,294.5500,287.6100,289.9400,73052590
20250211,100000,290.3500,294.1000,289.3000,294.0600,56009830
20250212,100000,294.3000,314.4000,291.3000,314.0000,185816680
20250213,100000,315.6100,318.7200,307.2000,310.1000,116925810
20250214,100000,315.5900,317.8400,303.0600,309.8700,126690930
20250217,100000,314.0000,319.5500,312.3100,319.5000,84827010
20250218,100000,319.9900,320.9200,310.2100,312.9500,85001770
20250219,100000,313.5300,317.2500,311.0100,315.9100,50484340
20250220,100000,315.9100,317.9600,314.0200,315.0500,33164900
20250221,100000,315.4800,316.6900,312.0000,314.7400,32725520
20250224,100000,314.9200,316.4000,313.0000,316.0300,35730390
20250225,100000,316.0300,318.5900,315.6200,316.9700,38826960
20250226,100000,316.9700,317.4500,308.3100,310.2200,73827020
20250227,100000,310.2200,312.4500,305.4300,307.1000,60936490
20250228,100000,306.0100,310.4000,304.0500,309.6300,65681370
20250303,100000,309.8400,310.9400,300.2000,305.5000,69490830
20250304,100000,306.9500,318.5000,306.1400,316.4000,88130960
20250305,100000,316.4000,318.3000,313.0000,313.5600,57792400
20250306,100000,313.6000,317.4300,313.5700,315.1800,31963110
20250307,100000,315.1900,321.8700,310.6900,316.9200,110871260
20250310,100000,316.9800,320.6300,316.3700,317.5700,39315360
20250311,100000,317.7000,321.9800,315.5700,319.6900,64935150
20250312,100000,319.9900,320.9000,315.8000,318.3900,41964450
20250313,100000,318.3900,320.5000,312.5000,316.3700,78552090
20250314,100000,316.0000,321.1000,314.1200,320.5100,51762530
20250317,100000,320.6900,326.9700,319.8200,326.0200,65837470
20250318,100000,326.2000,329.7700,323.8200,324.0600,72947120
20250319,100000,324.5000,326.8800,322.3000,325.3000,39800890
20250320,100000,325.4100,326.0000,321.8000,324.0500,42356790
20250321,100000,323.8000,326.0800,322.1500,323.2600,28707780
20250324,100000,323.2600,323.9400,318.5100,319.4700,33041960
20250325,100000,320.0000,322.2000,314.6500,319.8000,48328480
20250326,100000,319.9000,320.8800,315.0100,315.2300,20580040
20250327,100000,315.5100,317.1600,311.9500,311.9600,36146350
20250328,100000,311.9600,313.6500,305.6500,308.0400,51876870
20250331,100000,307.8000,310.8800,298.8000,309.7200,63464450
20250401,100000,310.5000,312.9000,302.7000,303.2400,46088340
20250402,100000,303.2300,306.5000,301.2100,306.1100,40207020
20250403,100000,306.2100,309.2000,296.0000,302.0900,52408560
20250404,100000,303.5500,304.3700,284.4000,285.3500,88719200
20250407,100000,285.2500,294.0000,275.7600,287.5600,148100880
20250408,100000,290.0000,294.6600,281.5000,282.0300,65532930
20250409,100000,280.9100,294.4800,276.3300,293.4000,109378190
20250410,100000,294.0900,296.7500,288.2700,292.4600,62862840
20250411,100000,293.0000,300.4800,292.8000,299.8100,50418210
20250414,100000,300.1800,302.4000,295.1300,296.5000,43463400
20250415,100000,296.5100,300.4500,295.6000,297.9900,24258710
20250416,100000,298.0000,303.3000,296.0600,300.8000,30103500
20250417,100000,300.8900,305.0700,300.4100,304.8000,37579800
20250418,100000,302.7000,303.8500,296.2500,300.0100,46147920
20250421,100000,302.6700,308.7000,301.7600,308.1200,51260130
20250422,100000,308.5000,315.0000,306.5500,312.2500,64482010
20250423,100000,313.0000,314.9800,305.5500,310.0000,58851190
20250424,100000,310.7700,312.8000,309.0900,310.1600,24120000
20250425,100000,310.8500,317.8700,310.7100,316.6900,51763570
20250428,100000,318.4200,320.2600,313.5200,314.2300,64064870
20250429,100000,314.9900,315.4500,308.1000,309.4100,30249990
20250430,100000,309.2800,309.9500,303.1200,307.8000,41266290
20250502,100000,307.8000,307.8000,299.7000,299.9600,19751770
20250505,100000,299.9000,302.7800,291.6600,294.6400,51318290
20250506,100000,294.6500,304.7500,292.0500,302.0200,49327640
20250507,100000,302.5000,304.2400,300.5600,302.7900,29667370
20250508,100000,302.9000,306.0000,300.6100,302.1500,20811410
20250512,100000,303.5300,311.4900,301.7000,310.8100,44959170
20250513,100000,310.8000,312.5000,309.6100,311.2400,24762720
20250514,100000,311.5000,313.7100,304.0400,304.2100,27152010
20250515,100000,304.2000,307.7700,300.4900,304.7200,47487250
20250516,100000,304.7000,308.8800,296.5600,306.3400,63956680
20250519,100000,306.3400,313.0000,306.0100,308.3300,54696990
20250520,100000,308.8800,309.5500,304.7000,306.1600,19810690
20250521,100000,306.1700,307.5600,302.8900,303.9800,20456330
20250522,100000,304.5000,305.6000,299.1700,302.6600,35013910
20250523,100000,302.6600,305.0000,301.3300,302.2200,17175890
20250526,100000,302.2200,302.4900,295.5000,297.7700,34631470
20250527,100000,297.7300,299.9000,293.0800,298.7000,25760040
20250528,100000,299.0000,308.8200,299.0000,308.4700,48001460
20250529,100000,308.6100,309.9500,305.6600,306.6500,24049740
20250530,100000,306.2700,310.2900,305.0100,309.3000,21916240
20250602,100000,309.3100,311.9900,300.5100,309.6300,54580610
20250603,100000,309.7000,314.8800,309.3900,313.5500,34937680
20250604,100000,314.0000,318.2900,311.1700,313.2300,53786160
20250605,100000,313.5500,318.5900,313.5300,317.9600,28359290
20250606,100000,318.3500,325.4300,312.5200,313.1300,102022760
20250609,100000,314.0000,315.5100,310.0000,311.1700,33754120
20250610,100000,311.2100,313.3000,307.5500,308.6800,27818280
20250611,100000,309.5300,313.6000,308.0300,312.0000,26275440
20250613,100000,313.2800,313.3900,309.5300,310.2000,13424610
20250616,100000,310.2100,314.3700,309.5500,311.5000,24722530
20250617,100000,311.6100,314.9300,310.5000,313.5600,23302090
20250618,100000,313.5600,314.8200,311.6300,313.3800,17607700
20250619,100000,313.4100,316.4500,312.1400,312.4600,30310650
20250620,100000,312.4600,313.5900,309.3000,309.7000,22045200
20250623,100000,310.9000,311.4400,308.0400,310.1700,15950290
20250624,100000,310.3000,312.0200,309.0000,311.3700,18994470
20250625,100000,311.6500,314.2900,311.5700,313.7800,20230110
20250626,100000,313.8000,314.5000,312.7400,312.8400,12976890
20250627,100000,313.0300,315.5000,313.0000,315.1800,19035650
20250630,100000,315.2000,317.7000,314.6000,316.1500,30132840
20250701,100000,316.6900,319.6000,316.3000,318.4200,21887840
20250702,100000,318.9600,319.8500,317.4100,319.4300,20701250
20250703,100000,319.5300,321.5000,318.7400,319.1700,20286790
20250704,100000,318.8500,321.4100,317.5000,319.4400,17811390
20250707,100000,319.5000,320.6000,312.8200,313.5000,31000910
20250708,100000,313.3400,315.3100,309.6000,309.7100,25532140
20250709,100000,310.0100,312.3000,307.6000,310.0900,29871070
20250710,100000,310.7700,315.0700,310.5000,314.0100,23711960
20250711,100000,314.5000,317.8800,308.8500,309.8800,39276450
20250714,100000,310.0000,318.8500,304.3800,317.9700,60982030
20250715,100000,318.1600,320.4300,316.6000,319.9900,40470270
20250716,100000,320.0000,322.0000,319.5400,321.5800,36861670
20250717,100000,321.2600,329.2300,321.1900,327.0500,91182020
20250718,100000,300.4500,309.4000,300.2500,309.0000,115982520
20250721,100000,309.6900,314.5600,309.3100,310.4000,58775550
20250722,100000,310.6500,311.7200,308.5500,310.6700,26942000
20250723,100000,311.0000,314.4900,310.7800,313.0800,37399400
20250724,100000,313.0900,313.9900,309.7500,310.8300,27841890
20250725,100000,310.8600,311.7600,306.0000,308.9300,50866870
20250728,100000,309.3500,309.9500,303.5400,303.9700,41734530
20250729,100000,304.7700,308.2600,303.0500,305.2600,30696940
20250730,100000,305.5800,306.2000,303.2000,303.3000,14499120
20250731,100000,303.9000,305.7900,302.8100,304.9500,19884770
20250801,100000,305.4100,307.5000,302.8900,304.2200,18473506
20250804,100000,305.3000,308.1200,304.5000,307.9500,28420639
20250805,100000,307.9700,308.6700,305.2500,307.3800,21497509
20250806,100000,307.4000,312.9600,303.3300,310.2200,59949361
20250807,100000,310.2200,316.5000,308.7600,313.4300,72089666
20250808,100000,314.6800,317.9800,312.6000,317.9700,34959877
20250811,100000,321.7200,322.9000,317.0500,317.8200,42436965
20250812,100000,318.1700,318.9900,316.6000,318.0000,18765577
20250813,100000,318.0000,319.7000,317.0500,317.5100,21127896
20250814,100000,317.6000,319.2000,314.8100,318.7300,26459276
20250815,100000,318.9000,320.5000,318.4500,319.4000,26071682
20250818,100000,316.8600,319.8900,310.0300,318.3800,47243830
20250819,100000,318.9800,319.7300,316.2900,316.5000,21879576
20250820,100000,316.5300,317.5100,313.0200,314.1700,18653270
20250821,100000,314.1700,315.1000,309.2800,309.9800,30815394
20250822,100000,310.1100,312.4900,309.7500,312.0500,15495808
20250825,100000,312.1100,312.5000,308.7500,311.4200,16597549
20250826,100000,311.1100,314.0000,310.5000,311.7900,11297232
20250827,100000,312.0000,313.7800,311.0600,312.7800,11692831
20250828,100000,313.0300,314.5000,310.1200,310.8200,20309447
20250829,100000,311.1800,311.8200,308.9500,310.0400,14855695
20250901,100000,309.9900,312.5000,308.8200,309.2000,12919567
20250902,100000,309.2000,310.1000,307.0500,308.4400,17407779
20250903,100000,308.4500,309.6800,307.2100,309.4900,10482402
20250904,100000,309.6000,310.8000,307.5000,308.7400,12848837
20250905,100000,309.1000,311.1600,308.8000,310.5000,11650553
20250908,100000,310.5000,313.2600,310.1000,312.8300,18352636
20250909,100000,313.0000,314.2500,311.6200,313.0600,17116843
20250910,100000,313.6500,313.6500,309.0000,309.7600,19292572
20250911,100000,309.7600,310.7700,305.8000,307.1100,29436347
20250912,100000,307.5000,308.7200,302.5300,303.5000,39315303
20250915,100000,303.6100,304.7500,300.7100,302.4800,24789043
20250916,100000,303.0000,304.2000,299.7000,301.8000,26108050
20250917,100000,301.8000,305.9200,299.8000,304.5000,31421531
20250918,100000,304.8000,305.0500,300.6600,301.6800,27536729
20250919,100000,301.6000,303.8000,294.6100,294.8400,38919790
20250922,100000,295.8600,299.3000,292.1600,298.0500,41184639
20250923,100000,298.2600,300.1100,290.3900,291.6000,33989319
20250924,100000,291.8000,296.6400,288.4000,293.3100,47845030
20250925,100000,293.8700,294.8900,289.5000,289.9000,20998024
20250926,100000,290.2000,292.7900,288.5200,291.3300,22643314
20250929,100000,291.0300,295.5000,286.5000,287.5700,36270471
20250930,100000,287.6700,289.8800,285.2400,288.3600,29382368
20251001,100000,288.8800,290.3900,285.1100,286.4000,22897705
20251002,100000,286.4000,287.1500,282.8000,285.2200,28023440
20251003,100000,285.7500,287.3200,282.5800,282.9100,17098575
20251006,100000,283.0000,291.1700,279.1400,290.5600,44563926
20251007,100000,290.0000,295.8700,288.7500,293.8900,37893983
20251008,100000,293.9300,295.0000,278.0000,281.9000,75222569
20251009,100000,282.8000,290.4500,278.7500,289.3700,76179258
20251010,100000,289.9000,289.9500,284.1000,285.1200,34168796
20251013,100000,284.4000,288.7500,282.2200,285.3900,37255011
20251014,100000,285.5000,286.9900,282.0500,283.3000,22304284
20251015,100000,283.9300,285.3900,282.0000,283.7400,22412693
20251016,100000,283.9000,304.0000,282.4000,302.9100,94011501
20251017,100000,303.2300,305.0000,299.7600,300.9100,45293894
20251020,100000,301.3000,306.1500,301.3000,304.0000,34807707
20251021,100000,304.1000,304.4300,290.5000,295.4700,70646260
20251022,100000,295.5200,295.7700,286.7600,290.0200,43163350
20251023,100000,286.9300,291.9800,285.2100,291.8000,39228445
20251024,100000,292.1700,294.9300,286.3000,287.5500,47904311
20251027,100000,287.4700,287.9900,282.4600,283.1700,35162033
20251028,100000,283.2200,290.7000,281.0000,289.4600,36966759
20251029,100000,290.4500,291.5100,288.1500,290.5000,21784278
20251030,100000,290.4900,298.0000,289.1300,296.1200,37766748
20251031,100000,296.0400,297.9700,290.0000,291.8900,31675676
20251101,100000,292.0000,294.4200,290.3500,293.7000,12822737
20251103,100000,294.1900,300.0000,294.1900,298.0400,17970362
20251105,100000,297.6400,298.8200,293.8800,295.7000,33737444
20251106,100000,295.7300,296.9300,292.0100,294.2700,24025168
20251107,100000,293.5000,298.0900,292.5200,296.8400,22069475
20251110,100000,297.2700,302.7900,296.7000,300.4600,42981855
20251111,100000,300.8600,301.8700,298.0600,301.1200,21489101
20251112,100000,301.1500,301.8900,296.8100,299.0900,24329162
20251113,100000,299.0000,301.5300,297.6700,299.0900,16853483
20251114,100000,299.0900,299.7000,295.5000,297.4400,19655059
20251117,100000,297.4400,297.8900,293.6400,294.6800,22555984
20251118,100000,294.6800,302.8600,293.3300,299.4400,47260145
20251119,100000,300.0000,309.9000,298.6600,304.7500,60132565
20251120,100000,304.7600,308.8800,301.7800,307.8900,42352133
20251121,100000,308.5000,309.2300,304.2200,306.7000,32336510
20251124,100000,308.6700,309.9500,303.7000,305.8700,26541972
20251125,100000,306.0000,307.9700,303.0000,306.6000,29434900
20251126,100000,306.4800,306.8700,304.0000,304.9600,12942518
20251127,100000,305.4700,306.2500,297.3300,299.5300,34517910
20251128,100000,300.8600,305.2600,299.0500,304.1700,24863407
20251201,100000,304.3200,306.4800,303.0100,305.2000,23738837
20251202,100000,305.6000,305.9200,301.4600,303.7700,19883739
20251203,100000,301.1000,303.7600,299.1000,302.8500,28901358
20251204,100000,303.2500,304.5800,301.4000,301.7600,16616235
20251205,100000,301.7600,307.9200,301.6600,307.2200,34203718
20251208,100000,307.5300,308.4800,304.2000,304.9500,27634404
20251209,100000,305.0000,307.7000,304.5000,306.3900,22986737
20251210,100000,307.0000,307.6800,306.0000,306.7300,14599471
20251211,100000,306.8400,309.4100,305.2000,307.1900,44063111
20251212,100000,307.2100,307.9200,303.6100,303.8600,31814259
20251215,100000,304.3200,305.8000,303.0700,305.0800,30961382
20251216,100000,305.0700,306.2000,303.5300,304.7800,24824717
20251217,100000,304.7900,305.8800,301.7800,303.5000,30322906
20251218,100000,303.3800,304.2700,300.4700,301.9600,38425498
20251219,100000,302.3000,303.2500,298.5100,299.8700,51746725
20251222,100000,300.0100,300.6500,296.8400,297.7200,27835745
20251223,100000,298.0300,301.6800,297.3200,300.6500,18476872
20251224,100000,300.6600,303.1500,299.3200,302.0300,20631838
20251225,100000,302.3100,302.7200,300.0700,300.2600,11659403
20251226,100000,300.2600,302.6000,300.0200,302.5100,24760307
20251229,100000,302.6600,306.2000,298.5000,299.7000,56868781
20251230,100000,300.5000,300.9900,299.0800,299.9000,19986979
20260105,100000,300.0000,300.1200,296.2100,298.7800,15436418
20260106,100000,298.8600,299.9400,298.2000,299.0800,6964708
20260108,100000,296.8500,298.5000,296.3500,298.0000,10369894
20260109,100000,298.0700,299.3900,297.8200,299.0400,7607473
20260112,100000,299.1500,301.4000,298.0000,299.1600,16155274
20260113,100000,299.2000,301.0400,296.6100,297.2300,18378726
20260114,100000,297.2300,299.7800,296.0200,298.5800,18334454
20260115,100000,298.2500,299.8000,297.4000,299.1600,13250411
20260116,100000,299.4300,301.9700,298.9000,301.5200,20712588
20260119,100000,301.6700,304.7300,300.3400,303.6200,26210423
20260120,100000,303.8900,304.6500,302.4700,304.0300,17136591
20260121,100000,304.1000,306.9400,303.0000,306.4900,26303679
20260122,100000,306.6000,307.0000,304.2200,306.2200,23320211
20260123,100000,305.9600,307.3600,305.3000,306.8800,17087324
20260126,100000,306.8800,307.3500,302.7000,303.1700,24700319
20260127,100000,303.2100,305.3000,302.8600,304.9200,15774419
20260128,100000,305.0000,305.5800,303.5500,303.5800,12736685
20260129,100000,303.6000,311.5000,303.5900,308.5200,53351947
20260130,100000,308.0000,309.0800,304.5000,305.6200,23671670
20260202,100000,305.9400,306.9700,302.0000,304.1600,28909115
20260203,100000,304.5000,305.2000,303.0300,303.8100,14464001
20260204,100000,303.9700,305.8000,303.1700,303.8600,19860749
20260205,100000,303.8500,304.1900,300.4100,301.4500,27536502
20260206,100000,301.4500,302.5000,300.5200,300.6100,11841971
20260209,100000,301.2000,302.7100,300.6600,301.8100,15318942
20260210,100000,301.8700,304.8000,301.8200,302.9000,27588552
20260211,100000,303.0000,306.2900,302.9100,305.7600,29809193
20260212,100000,306.0000,307.2500,304.7500,305.2000,22458986
20260213,100000,305.6700,308.5900,304.0500,308.5500,36814938
20260216,100000,308.8400,312.4000,308.8400,311.0000,38815643
20260217,100000,311.9500,312.0000,308.8600,310.7700,21276701
20260218,100000,310.5000,313.9600,309.5400,313.4000,34610069
20260219,100000,314.0000,314.7700,312.3300,313.1400,19014144
20260220,100000,313.1400,314.5900,312.1200,314.0000,15829109
20260224,100000,314.2900,317.1600,313.0500,316.1500,34857330
20260225,100000,316.2500,317.8300,315.6400,317.5300,18969042
20260226,100000,317.5800,318.8800,315.0000,315.6000,20024543
20260227,100000,316.0000,316.2000,313.3200,315.6300,21086869
20260302,100000,315.7100,315.9400,312.4000,313.5800,31156211
20260303,100000,313.5800,314.0000,311.0000,311.8300,21230110
20260304,100000,312.1000,312.7000,310.5000,311.1000,14800457
20260305,100000,311.4500,315.8000,311.2200,314.6800,21980101
20260306,100000,314.8000,317.0000,314.0900,314.1400,14393455
20260309,100000,314.0000,317.3600,312.1600,316.3000,18598046
20260310,100000,316.4900,319.2800,313.5900,314.8000,33340187
20260311,100000,315.4700,318.2000,314.2300,315.0900,18547784
20260312,100000,315.5000,317.2800,315.0000,316.3900,14846381
20260313,100000,316.4000,318.2300,316.1800,316.6500,12474326
20260316,100000,317.1600,318.8000,315.7200,316.4000,21294877
20260317,100000,316.6000,319.7300,315.8000,319.6900,26044180
20260318,100000,319.8000,322.1700,318.8000,320.5100,38076511
20260319,100000,320.9000,321.4300,319.2100,320.7700,24035017
20260320,100000,321.0000,322.0000,319.5100,320.1600,21758167
20260323,100000,320.1600,320.7400,314.8700,316.8700,34569625
20260324,100000,317.4300,317.9000,315.7200,317.1700,12487529
20260325,100000,317.3000,319.0000,316.4900,317.0200,8776779
20260326,100000,317.3200,317.7000,315.2600,315.9200,13353011
20260327,100000,316.3000,316.6900,313.5000,313.8800,23618618
20260330,100000,313.9000,316.3000,312.4000,314.4800,27147563
20260331,100000,315.0000,315.6300,313.4300,314.2200,13040353
20260401,100000,314.6500,317.4700,314.1500,316.7100,18962642
20260402,100000,316.7500,317.2100,315.1800,316.2700,9372317
20260403,100000,316.4700,317.4100,314.2100,314.6500,14790929
20260406,100000,315.0300,319.7500,314.5500,318.9800,37438192
20260407,100000,319.2800,320.8100,317.6600,317.8700,23014285
20260408,100000,319.5000,321.1800,318.4000,319.4000,18211595
20260409,100000,319.7500,320.8600,316.0000,317.5100,31890826
20260410,100000,317.9800,318.7900,316.5700,317.2900,14873204
20260413,100000,317.3100,318.0800,315.5500,316.8000,18785644
20260414,100000,316.9800,317.8800,315.2800,317.1100,13158936
20260415,100000,317.7000,321.6600,316.4500,320.9100,29327448
20260416,100000,320.9100,325.2000,320.4100,322.1600,40903680
20260417,100000,322.1800,324.8000,321.2200,323.8700,25964984
20260420,100000,323.8700,326.2600,323.1300,325.3000,22971792
20260421,100000,325.3000,325.5100,321.8000,323.4700,23549316
20260422,100000,324.3000,327.1900,323.2300,326.5000,23466927
20260423,100000,326.6000,328.2400,325.8000,327.3900,20016804
20260424,100000,327.6900,328.1700,324.2300,325.1900,29137930
20260427,100000,325.2300,325.9500,321.6100,321.9900,19594160
20260428,100000,322.0400,322.8900,319.4000,319.8200,24479673
20260429,100000,320.2000,321.8500,316.2100,320.0900,40766275
20260430,100000,321.9900,321.9900,318.2100,319.8100,18920593
20260504,100000,320.2700,323.4700,318.7600,321.7900,24518611
20260505,100000,321.8200,322.9000,317.7100,321.2000,23183857
20260506,100000,321.5000,322.5000,319.2600,319.9000,13999932
20260507,100000,319.9000,320.3700,318.5200,318.7700,9498277
20260508,100000,318.7900,321.8000,318.2600,320.3900,14662157
20260511,100000,321.5000,324.8200,321.2300,323.7500,17513848
20260512,100000,324.0700,326.9800,323.2300,326.9500,20591587
20260513,100000,326.9700,326.9900,325.0000,325.7500,11950458
20260514,100000,325.8000,327.4300,324.0000,324.2000,14151563
20260515,100000,324.5000,325.9500,322.0800,322.9800,15117867
20260518,100000,323.2500,325.9800,321.3100,325.2300,20332716
20260519,100000,325.7800,326.7800,323.4000,323.8700,14567588
20260520,100000,323.9100,324.8000,322.5400,323.2500,12683730
20260521,100000,323.4000,324.1300,321.0100,322.7900,19040819
20260522,100000,323.3000,326.2800,321.8000,322.4600,26179278
20260525,100000,322.5000,324.7500,317.6700,320.3800,37794430
20260526,100000,320.3500,321.2500,318.8000,320.0500,18942663
20260527,100000,320.0500,323.0200,319.2500,322.5000,20931789
20260528,100000,322.5000,323.9000,321.7000,322.3000,14996154
20260529,100000,321.7700,322.7100,319.5400,320.5700,17242709
20260601,100000,320.6700,323.4700,320.5700,322.9900,18888303
20260602,100000,323.0000,326.8500,322.1700,326.7500,26541120
20260603,100000,326.7000,327.5000,323.2100,323.3700,20741230
20260604,100000,323.3800,324.7800,321.8500,322.9200,16872624
20260605,100000,323.0000,323.3300,321.5200,322.1900,12413671
20260608,100000,322.2100,323.6900,319.4500,320.0000,25297011
20260609,100000,320.2300,321.7700,317.7700,321.0200,25885632
20260610,100000,321.6700,323.0000,319.0000,321.8800,22329203
20260611,100000,321.8800,322.8800,320.9000,321.2000,9826768
20260615,100000,321.3000,325.2800,321.2000,324.6000,23190912
20260616,100000,324.7000,324.9000,318.1500,320.2500,32508771
20260617,100000,320.4400,321.0000,318.7100,319.1700,16011163
20260618,100000,319.1600,319.7900,313.5000,315.4000,55611719
20260619,100000,315.4800,316.7500,310.6100,312.8400,43729791
20260622,100000,313.4800,314.4500,298.5300,301.9300,86075833
20260623,100000,301.9300,308.9800,295.4800,307.2100,58634002
20260624,100000,307.3100,310.3300,298.0000,301.9200,55513803
20260625,100000,302.4700,305.8000,294.2000,295.1600,76647625
20260626,100000,296.0000,303.9000,290.3500,299.1800,85683639
20260629,100000,299.5000,308.5500,296.0200,307.9000,61001139
20260630,100000,307.9000,312.6500,305.7000,308.0900,44933411
