20260601,070000,321.55,321.55,321.55,321.55,7575
20260601,070100,321.55,322,321.34,321.64,43222
20260601,070200,321.69,321.8,321.64,321.8,28365
20260601,070300,321.75,321.8,321.7,321.8,14866
20260601,070400,321.8,321.99,321.79,321.97,23279
20260601,070500,321.97,321.98,321.84,321.94,9545
20260601,070600,321.85,321.93,321.85,321.91,992
20260601,071000,321.9,321.93,321.89,321.93,7931
20260601,071100,321.93,321.99,321.92,321.98,20254
20260601,071200,321.98,322,321.95,322,11567
20260601,071300,321.99,321.99,321.96,321.99,917
20260601,071400,321.99,322,321.97,322,3778
20260601,071500,321.99,322,321.99,322,7243
20260601,071600,322,322.36,322,322.22,172067
20260601,072000,322.13,322.2,322.1,322.2,3180
20260601,072100,322.19,322.2,322.01,322.08,3648
20260601,072200,322.08,322.08,322.02,322.02,1665
20260601,072300,322.07,322.07,322.01,322.01,915
20260601,072400,322.06,322.07,322.01,322.04,1628
20260601,072500,322.04,322.04,322.02,322.04,222
20260601,072600,322.03,322.04,322.01,322.02,928
20260601,073000,322.1,322.1,322.06,322.1,4776
20260601,073100,322.1,322.11,322.09,322.11,186
20260601,073200,322.11,322.11,322.08,322.08,1351
20260601,073300,322.09,322.1,322.06,322.1,2364
20260601,073400,322.1,322.11,322.08,322.11,2064
20260601,073500,322.11,322.11,322,322,25725
20260601,073600,322.05,322.06,322,322.06,663
20260601,074000,322.1,322.1,322.05,322.1,3344
20260601,074100,322.1,322.1,322.06,322.07,1469
20260601,074200,322.1,322.1,322.06,322.1,3819
20260601,074300,322.1,322.1,322.06,322.1,2462
20260601,074400,322.09,322.11,322.07,322.11,612
20260601,074500,322.11,322.11,322.1,322.11,2587
20260601,074600,322.11,322.11,322.07,322.11,1789
20260601,075000,322.06,322.09,322.05,322.05,4475
20260601,075100,322.05,322.05,322.01,322.01,339
20260601,075200,322.02,322.02,321.94,321.95,11910
20260601,075300,321.94,321.95,321.77,321.79,13476
20260601,075400,321.78,321.87,321.75,321.87,626
20260601,075500,321.87,321.94,321.85,321.94,1080
20260601,075600,321.94,321.94,321.8,321.86,18448
20260601,080000,321.75,321.8,321.66,321.69,16564
20260601,080100,321.71,321.71,321.69,321.71,1199
20260601,080200,321.7,321.75,321.7,321.75,2307
20260601,080300,321.75,321.75,321.74,321.75,463
20260601,080400,321.75,321.8,321.74,321.8,1361
20260601,080500,321.79,321.8,321.79,321.8,1606
20260601,080600,321.8,321.8,321.79,321.8,3298
20260601,081000,321.82,321.82,321.8,321.8,4935
20260601,081100,321.8,321.81,321.8,321.81,5405
20260601,081200,321.81,321.85,321.8,321.85,13926
20260601,081300,321.85,321.87,321.84,321.87,905
20260601,081400,321.87,321.93,321.86,321.92,414
20260601,081500,321.93,321.96,321.91,321.96,572
20260601,081600,321.96,321.96,321.91,321.96,650
20260601,082000,321.96,321.96,321.95,321.95,801
20260601,082100,321.96,321.96,321.9,321.92,920
20260601,082200,321.92,321.96,321.91,321.96,427
20260601,082300,321.96,321.96,321.9,321.9,2369
20260601,082400,321.96,321.96,321.92,321.96,764
20260601,082500,321.96,321.96,321.93,321.96,2931
20260601,082600,321.94,321.94,321.85,321.94,6049
20260601,083000,321.94,321.94,321.93,321.94,167
20260601,083100,321.93,321.93,321.81,321.83,6944
20260601,083200,321.9,321.9,321.83,321.9,860
20260601,083300,321.89,321.9,321.8,321.9,684
20260601,083400,321.9,321.92,321.9,321.92,318
20260601,083500,321.92,321.92,321.82,321.91,364
20260601,083600,321.85,321.91,321.81,321.9,797
20260601,084000,321.92,321.92,321.88,321.9,219
20260601,084100,321.9,321.9,321.81,321.88,2270
20260601,084200,321.88,321.88,321.83,321.88,401
20260601,084300,321.84,321.9,321.84,321.9,884
20260601,084400,321.89,321.9,321.88,321.9,386
20260601,084500,321.89,321.9,321.82,321.88,7646
20260601,084600,321.88,321.89,321.83,321.85,111
20260601,085000,321.81,321.81,321.7,321.75,6593
20260601,085100,321.71,321.72,321.71,321.72,329
20260601,085200,321.72,321.81,321.71,321.81,2368
20260601,085300,321.81,321.85,321.78,321.82,2289
20260601,085400,321.82,321.86,321.81,321.86,3243
20260601,085500,321.86,321.86,321.82,321.82,2200
20260601,085600,321.8,321.82,321.79,321.79,2552
20260601,090000,321.67,321.67,321.66,321.67,821
20260601,090100,321.66,321.66,321.55,321.66,20540
20260601,090200,321.66,321.68,321.65,321.66,4884
20260601,090300,321.66,321.66,321.6,321.61,1736
20260601,090400,321.59,321.61,321.59,321.61,376
20260601,090500,321.61,321.68,321.6,321.67,4567
20260601,090600,321.68,321.68,321.67,321.67,3307
20260601,091000,321.75,321.78,321.71,321.78,1152
20260601,091100,321.78,321.79,321.77,321.79,2205
20260601,091200,321.78,321.82,321.78,321.81,4039
20260601,091300,321.8,321.82,321.8,321.82,1303
20260601,091400,321.81,321.82,321.74,321.77,7307
20260601,091500,321.77,321.77,321.74,321.75,1841
20260601,091600,321.75,321.75,321.74,321.75,292
20260601,092000,321.71,321.71,321.69,321.7,350
20260601,092100,321.69,321.7,321.69,321.69,3190
20260601,092200,321.69,321.78,321.67,321.73,2840
20260601,092300,321.7,321.7,321.67,321.68,704
20260601,092400,321.67,321.7,321.67,321.7,2313
20260601,092500,321.7,321.7,321.68,321.69,965
20260601,092600,321.7,321.71,321.7,321.71,3941
20260601,093000,321.88,321.93,321.84,321.93,17570
20260601,093100,321.92,322,321.92,322,40570
20260601,093200,321.99,322.18,321.99,322.17,34345
20260601,093300,322.16,322.17,322.01,322.1,80414
20260601,093400,322.09,322.17,322.07,322.15,14293
20260601,093500,322.16,322.17,322.14,322.17,4852
20260601,093600,322.17,322.3,322.16,322.28,108175
20260601,094000,322.23,322.23,322.17,322.22,2826
20260601,094100,322.22,322.27,322.18,322.19,40038
20260601,094200,322.19,322.27,322.18,322.25,23292
20260601,094300,322.25,322.26,322.18,322.19,1665
20260601,094400,322.2,322.27,322.2,322.22,8094
20260601,094500,322.27,322.27,322.2,322.22,2468
20260601,094600,322.22,322.27,322.2,322.25,12109
20260601,095000,322.14,322.15,322.13,322.14,6948
20260601,095100,322.15,322.15,322.14,322.15,2151
20260601,095200,322.14,322.15,322.14,322.14,8144
20260601,095300,322.15,322.15,322.14,322.15,1734
20260601,095400,322.14,322.15,322.14,322.14,2195
20260601,095500,322.15,322.15,322.14,322.14,5578
20260601,095600,322.14,322.22,322.14,322.22,10499
20260601,100000,322.37,322.37,322.27,322.28,2295
20260601,100100,322.3,322.45,322.28,322.39,65900
20260601,100200,322.4,322.98,322.39,322.92,321014
20260601,100300,322.93,322.97,322.68,322.92,70811
20260601,100400,322.94,322.97,322.89,322.97,40561
20260601,100500,322.97,322.99,322.96,322.98,111115
20260601,100600,322.98,323.01,322.93,322.93,207157
20260601,101000,322.92,322.98,322.91,322.97,35458
20260601,101100,322.97,322.98,322.96,322.97,104437
20260601,101200,322.98,322.98,322.92,322.97,51855
20260601,101300,322.97,322.99,322.92,322.98,182772
20260601,101400,322.98,323.01,322.96,323,165471
20260601,101500,323,323.01,322.97,322.97,45781
20260601,101600,322.97,323.02,322.97,322.99,12077
20260601,102000,322.83,322.88,322.77,322.87,28590
20260601,102100,322.87,322.89,322.83,322.84,6290
20260601,102200,322.84,322.84,322.78,322.8,17801
20260601,102300,322.8,322.8,322.76,322.76,11560
20260601,102400,322.79,322.79,322.69,322.7,14271
20260601,102500,322.69,322.71,322.63,322.71,39583
20260601,102600,322.71,322.71,322.69,322.71,6607
20260601,103000,322.73,322.73,322.69,322.73,5968
20260601,103100,322.73,322.8,322.72,322.8,7216
20260601,103200,322.8,322.8,322.7,322.78,1777
20260601,103300,322.78,322.8,322.75,322.77,7583
20260601,103400,322.77,322.77,322.6,322.71,13763
20260601,103500,322.71,322.71,322.63,322.66,58234
20260601,103600,322.66,322.66,322.63,322.64,7880
20260601,104000,322.63,322.63,322.61,322.62,1241
20260601,104100,322.62,322.62,322.57,322.57,21153
20260601,104200,322.58,322.58,322.54,322.54,16646
20260601,104300,322.55,322.59,322.5,322.51,68388
20260601,104400,322.5,322.53,322.44,322.52,19504
20260601,104500,322.53,322.53,322.52,322.53,2049
20260601,104600,322.53,322.53,322.52,322.53,2455
20260601,105000,322.59,322.59,322.56,322.58,26885
20260601,105100,322.58,322.73,322.57,322.71,28464
20260601,105200,322.72,322.77,322.71,322.72,16422
20260601,105300,322.72,322.8,322.7,322.71,39179
20260601,105400,322.71,322.71,322.57,322.57,33195
20260601,105500,322.57,322.6,322.46,322.46,12563
20260601,105600,322.47,322.51,322.35,322.35,59147
20260601,110000,322.45,322.45,322.43,322.45,3257
20260601,110100,322.45,322.66,322.44,322.66,9706
20260601,110200,322.66,322.71,322.58,322.67,2722
20260601,110300,322.69,322.69,322.6,322.63,5239
20260601,110400,322.63,322.63,322.45,322.51,8500
20260601,110500,322.46,322.48,322.29,322.41,38442
20260601,110600,322.4,322.5,322.4,322.46,8831
20260601,111000,322.67,322.68,322.6,322.66,4972
20260601,111100,322.66,322.66,322.63,322.66,1788
20260601,111200,322.66,322.7,322.65,322.68,4390
20260601,111300,322.7,322.7,322.62,322.68,6450
20260601,111400,322.66,322.66,322.56,322.56,2057
20260601,111500,322.56,322.56,322.4,322.4,5907
20260601,111600,322.4,322.42,322.4,322.42,2522
20260601,112000,322.62,322.67,322.61,322.66,1589
20260601,112100,322.67,322.71,322.66,322.7,13427
20260601,112200,322.7,322.75,322.69,322.74,28035
20260601,112300,322.75,322.75,322.71,322.72,5293
20260601,112400,322.72,322.72,322.7,322.7,18691
20260601,112500,322.7,322.71,322.69,322.69,5073
20260601,112600,322.7,322.74,322.67,322.74,7385
20260601,113000,322.57,322.57,322.5,322.51,6774
20260601,113100,322.51,322.53,322.48,322.52,14189
20260601,113200,322.53,322.55,322.51,322.54,10396
20260601,113300,322.54,322.54,322.52,322.53,2195
20260601,113400,322.53,322.53,322.52,322.53,1132
20260601,113500,322.53,322.54,322.52,322.53,11121
20260601,113600,322.52,322.53,322.47,322.49,12934
20260601,114000,322.54,322.6,322.5,322.51,22685
20260601,114100,322.51,322.58,322.5,322.58,1549
20260601,114200,322.58,322.6,322.52,322.59,52511
20260601,114300,322.59,322.6,322.57,322.6,145480
20260601,114400,322.6,322.6,322.41,322.43,98587
20260601,114500,322.52,322.61,322.42,322.6,35280
20260601,114600,322.6,322.72,322.53,322.53,73618
20260601,115000,322.59,322.68,322.54,322.65,16307
20260601,115100,322.65,322.69,322.59,322.64,12834
20260601,115200,322.65,322.7,322.58,322.65,34140
20260601,115300,322.64,322.73,322.61,322.62,53151
20260601,115400,322.61,322.75,322.58,322.72,28534
20260601,115500,322.72,322.9,322.71,322.88,49147
20260601,115600,322.87,323,322.82,322.99,240099
20260601,120000,322.79,322.98,322.79,322.92,29156
20260601,120100,322.9,323.17,322.9,323.17,38053
20260601,120200,323.16,323.19,323.03,323.09,61169
20260601,120300,323.09,323.16,322.99,323,52041
20260601,120400,323,323.14,322.99,323.05,58547
20260601,120500,323.05,323.05,322.83,322.85,10373
20260601,120600,322.86,323,322.83,322.92,34328
20260601,121000,322.92,323.09,322.91,323.08,36039
20260601,121100,323.08,323.08,322.97,323,20042
20260601,121200,323,323.16,322.92,322.93,57058
20260601,121300,322.93,322.94,322.91,322.94,11816
20260601,121400,322.93,323,322.91,322.91,36729
20260601,121500,322.93,323,322.9,322.92,35202
20260601,121600,322.91,322.98,322.91,322.93,3442
20260601,122000,323,323,322.83,322.83,15972
20260601,122100,322.84,322.92,322.83,322.92,5129
20260601,122200,322.92,322.98,322.91,322.95,5601
20260601,122300,322.95,322.96,322.84,322.85,14046
20260601,122400,322.84,322.85,322.84,322.84,2370
20260601,122500,322.85,322.85,322.76,322.77,22821
20260601,122600,322.77,322.77,322.76,322.76,4740
20260601,123000,322.69,322.69,322.6,322.65,64692
20260601,123100,322.64,322.71,322.62,322.71,10890
20260601,123200,322.71,322.73,322.69,322.7,8811
20260601,123300,322.71,322.74,322.6,322.71,96297
20260601,123400,322.71,322.74,322.68,322.7,15612
20260601,123500,322.69,322.7,322.61,322.61,5348
20260601,123600,322.61,322.62,322.6,322.6,49929
20260601,124000,322.59,322.59,322.55,322.58,3688
20260601,124100,322.58,322.58,322.54,322.54,35193
20260601,124200,322.54,322.55,322.46,322.47,21978
20260601,124300,322.47,322.47,322.41,322.47,11472
20260601,124400,322.47,322.53,322.46,322.53,12485
20260601,124500,322.53,322.53,322.47,322.49,4406
20260601,124600,322.49,322.54,322.48,322.54,4486
20260601,125000,322.6,322.82,322.59,322.8,31727
20260601,125100,322.8,322.8,322.64,322.65,13480
20260601,125200,322.63,322.63,322.59,322.59,2131
20260601,125300,322.6,322.6,322.59,322.6,3572
20260601,125400,322.6,322.6,322.46,322.47,8224
20260601,125500,322.46,322.55,322.43,322.52,17419
20260601,125600,322.52,322.61,322.51,322.6,18586
20260601,130000,322.67,322.67,322.53,322.54,22562
20260601,130100,322.54,322.7,322.52,322.67,38309
20260601,130200,322.67,322.8,322.56,322.72,32009
20260601,130300,322.69,322.84,322.67,322.82,8355
20260601,130400,322.81,322.81,322.72,322.73,26447
20260601,130500,322.73,322.73,322.65,322.73,17765
20260601,130600,322.73,322.73,322.56,322.69,56424
20260601,131000,322.41,322.5,322.32,322.34,49780
20260601,131100,322.33,322.34,322.1,322.14,128101
20260601,131200,322.14,322.17,322.1,322.1,74615
20260601,131300,322.11,322.11,321.9,321.91,44642
20260601,131400,321.91,321.91,321.8,321.86,90795
20260601,131500,321.85,321.95,321.81,321.93,36064
20260601,131600,321.93,322.1,321.92,322.04,64455
20260601,132000,322.11,322.13,322.1,322.12,4725
20260601,132100,322.1,322.23,322.1,322.13,56564
20260601,132200,322.13,322.16,322.12,322.16,1306
20260601,132300,322.16,322.17,322.1,322.17,4975
20260601,132400,322.17,322.17,322.13,322.17,885
20260601,132500,322.17,322.23,322.16,322.23,1839
20260601,132600,322.23,322.27,322.2,322.22,2311
20260601,133000,322.2,322.32,322.19,322.27,21910
20260601,133100,322.27,322.47,322.2,322.42,31286
20260601,133200,322.41,322.5,322.33,322.43,35089
20260601,133300,322.45,322.45,322.36,322.37,2069
20260601,133400,322.4,322.52,322.37,322.41,34385
20260601,133500,322.44,322.52,322.41,322.48,23572
20260601,133600,322.48,322.56,322.37,322.46,34986
20260601,134000,322.53,322.53,322.44,322.48,4556
20260601,134100,322.48,322.55,322.44,322.53,23123
20260601,134200,322.51,322.66,322.49,322.62,25808
20260601,134300,322.6,322.62,322.53,322.6,7379
20260601,134400,322.6,322.6,322.52,322.58,4359
20260601,134500,322.58,322.58,322.42,322.5,2574
20260601,134600,322.5,322.6,322.46,322.46,32099
20260601,135000,322.31,322.46,322.3,322.44,31208
20260601,135100,322.44,322.44,322.37,322.38,7004
20260601,135200,322.39,322.5,322.33,322.36,31560
20260601,135300,322.33,322.43,322.27,322.38,46529
20260601,135400,322.38,322.45,322.33,322.38,21085
20260601,135500,322.38,322.43,322.31,322.39,28394
20260601,135600,322.39,322.41,322.32,322.32,1636
20260601,140000,322.4,322.4,322.27,322.27,9744
20260601,140100,322.28,322.28,322.15,322.16,9464
20260601,140200,322.15,322.16,322.06,322.15,9451
20260601,140300,322.15,322.15,322.09,322.15,6143
20260601,140400,322.14,322.2,322.14,322.2,5870
20260601,140500,322.2,322.25,322.19,322.25,38853
20260601,140600,322.25,322.25,322.23,322.23,2286
20260601,141000,322.23,322.23,322.17,322.17,5481
20260601,141100,322.22,322.22,322.15,322.21,7892
20260601,141200,322.21,322.21,322.15,322.16,7090
20260601,141300,322.16,322.16,322.14,322.15,1320
20260601,141400,322.15,322.15,322.11,322.12,1778
20260601,141500,322.12,322.12,322.11,322.11,2074
20260601,141600,322.12,322.12,322.03,322.04,28141
20260601,142000,322.11,322.26,322.1,322.25,23728
20260601,142100,322.26,322.4,322.2,322.39,46362
20260601,142200,322.37,322.37,322.31,322.32,1845
20260601,142300,322.32,322.32,322.16,322.23,6181
20260601,142400,322.23,322.24,322.18,322.23,1637
20260601,142500,322.21,322.26,322.21,322.26,2637
20260601,142600,322.26,322.34,322.25,322.3,6853
20260601,143000,322.41,322.41,322.29,322.3,2784
20260601,143100,322.3,322.33,322.27,322.33,5335
20260601,143200,322.33,322.4,322.32,322.4,11594
20260601,143300,322.4,322.44,322.38,322.43,4024
20260601,143400,322.44,322.5,322.39,322.47,4826
20260601,143500,322.41,322.55,322.41,322.5,7542
20260601,143600,322.49,322.5,322.4,322.43,9727
20260601,144000,322.41,322.46,322.4,322.45,2758
20260601,144100,322.45,322.45,322.4,322.41,5874
20260601,144200,322.41,322.44,322.4,322.43,1870
20260601,144300,322.43,322.45,322.4,322.45,5456
20260601,144400,322.45,322.47,322.3,322.32,25812
20260601,144500,322.32,322.36,322.3,322.32,1324
20260601,144600,322.32,322.32,322.31,322.31,2024
20260601,145000,322.32,322.32,322.3,322.31,2062
20260601,145100,322.32,322.32,322.29,322.31,2907
20260601,145200,322.31,322.31,322.11,322.21,33861
20260601,145300,322.21,322.23,322.12,322.17,4523
20260601,145400,322.17,322.17,322.15,322.17,2605
20260601,145500,322.17,322.17,321.5,321.6,394414
20260601,145600,321.6,321.68,321.35,321.65,37525
20260601,150000,321.95,321.95,321.81,321.82,12458
20260601,150100,321.81,321.82,321.5,321.77,83029
20260601,150200,321.74,321.74,321.61,321.64,7185
20260601,150300,321.64,321.65,321.56,321.6,22927
20260601,150400,321.6,321.6,321.55,321.6,14366
20260601,150500,321.6,321.67,321.45,321.66,37299
20260601,150600,321.67,321.94,321.66,321.92,8967
20260601,151000,321.92,321.92,321.85,321.86,2000
20260601,151100,321.86,322,321.86,321.99,10166
20260601,151200,321.99,322,321.99,322,872
20260601,151300,322,322,321.95,321.95,5577
20260601,151400,321.96,322,321.95,322,5562
20260601,151500,322,322.04,321.98,322.04,5057
20260601,151600,322.04,322.14,322.04,322.06,946
20260601,152000,322.04,322.04,321.96,322,2663
20260601,152100,322,322,321.94,321.99,2503
20260601,152200,321.99,322,321.96,321.99,3711
20260601,152300,321.99,322.12,321.99,322.09,31321
20260601,152400,322.1,322.1,322.04,322.1,888
20260601,152500,322.1,322.1,322.07,322.08,4230
20260601,152600,322.07,322.23,322.06,322.19,11112
20260601,153000,322.35,322.35,322.34,322.34,10815
20260601,153100,322.34,322.4,322.34,322.39,2864
20260601,153200,322.4,322.4,322.39,322.4,863
20260601,153300,322.4,322.4,322.34,322.35,9477
20260601,153400,322.34,322.36,322.34,322.35,18018
20260601,153500,322.36,322.36,322.34,322.34,835
20260601,153600,322.35,322.35,322.34,322.35,2548
20260601,154000,321.95,321.96,321.89,321.9,18098
20260601,154100,321.9,321.9,321.89,321.9,4429
20260601,154200,321.9,321.9,321.88,321.89,3193
20260601,154300,321.89,321.89,321.84,321.85,25953
20260601,154400,321.85,321.9,321.85,321.9,28811
20260601,154500,321.9,321.9,321.89,321.89,3983
20260601,154600,321.9,321.9,321.88,321.9,4882
20260601,155000,321.85,321.87,321.81,321.81,77045
20260601,155100,321.82,321.82,321.81,321.81,1950
20260601,155200,321.82,321.9,321.81,321.9,34267
20260601,155300,321.9,322,321.89,321.99,21523
20260601,155400,321.99,321.99,321.95,321.96,1221
20260601,155500,321.93,321.93,321.9,321.91,1077
20260601,155600,321.91,321.91,321.82,321.83,22293
20260601,160000,321.83,321.83,321.82,321.83,2959
20260601,160100,321.83,321.83,321.64,321.83,54955
20260601,160200,321.83,321.83,321.82,321.83,13648
20260601,160300,321.83,322.07,321.83,322.07,235343
20260601,160400,322.07,322.07,322.06,322.07,2458
20260601,160500,322.06,322.07,322.03,322.05,16135
20260601,160600,322.06,322.07,322.01,322.01,14338
20260601,161000,321.99,322.07,321.97,322.05,22937
20260601,161100,322.07,322.07,322.03,322.03,941
20260601,161200,322.04,322.07,322.02,322.07,29113
20260601,161300,322.07,322.07,321.99,322.07,60759
20260601,161400,322.07,322.08,322.06,322.07,24333
20260601,161500,322.07,322.08,322,322,19461
20260601,161600,322,322.01,321.82,321.82,8682
20260601,162000,321.63,321.66,321.58,321.59,6159
20260601,162100,321.58,321.6,321.5,321.51,167314
20260601,162200,321.5,321.72,321.44,321.66,79351
20260601,162300,321.67,321.72,321.64,321.71,12244
20260601,162400,321.71,321.82,321.69,321.81,7558
20260601,162500,321.82,322.3,321.82,322.25,140245
20260601,162600,322.25,322.43,322.25,322.36,37303
20260601,163000,322.25,322.25,322.24,322.25,32000
20260601,163100,322.25,322.25,322.24,322.25,14625
20260601,163200,322.25,322.4,322.24,322.33,14105
20260601,163300,322.33,322.42,322.3,322.4,4136
20260601,163400,322.4,322.45,322.37,322.44,11459
20260601,163500,322.45,322.47,322.44,322.47,18896
20260601,163600,322.46,322.47,322.45,322.46,21979
20260601,164000,322.38,322.5,322.38,322.47,12101
20260601,164100,322.47,322.53,322.38,322.41,12073
20260601,164200,322.39,322.52,322.3,322.5,47445
20260601,164300,322.49,322.55,322.32,322.39,28567
20260601,164400,322.4,322.4,322.15,322.19,42299
20260601,164500,322.19,322.23,322.1,322.17,11957
20260601,164600,322.14,322.19,322.14,322.16,2910
20260601,165000,322.24,322.26,322,322.12,103183
20260601,165100,322.12,322.12,321.95,322.06,28179
20260601,165200,322.06,322.12,321.87,322.04,61616
20260601,165300,322.04,322.04,321.9,321.98,8404
20260601,165400,321.97,322.15,321.97,322.13,7296
20260601,165500,322.14,322.17,322.14,322.16,3745
20260601,165600,322.15,322.24,322.15,322.18,6876
20260601,170000,322.03,322.18,322.03,322.15,20745
20260601,170100,322.16,322.16,322.07,322.08,31928
20260601,170200,322.08,322.14,322.08,322.14,5879
20260601,170300,322.14,322.3,322.14,322.29,7060
20260601,170400,322.29,322.4,322.29,322.39,23973
20260601,170500,322.39,322.47,322.27,322.31,38956
20260601,170600,322.31,322.35,322.14,322.24,83213
20260601,171000,322.09,322.18,322.07,322.13,8816
20260601,171100,322.11,322.2,322.11,322.15,4928
20260601,171200,322.15,322.26,322.15,322.2,3758
20260601,171300,322.2,322.27,322.18,322.26,3407
20260601,171400,322.25,322.36,322.17,322.34,20822
20260601,171500,322.34,322.36,322.26,322.28,20386
20260601,171600,322.29,322.29,322.24,322.28,3514
20260601,172000,322.19,322.2,322.15,322.16,3229
20260601,172100,322.16,322.19,322.09,322.12,12913
20260601,172200,322.12,322.16,322.09,322.09,11207
20260601,172300,322.1,322.13,322.08,322.11,4438
20260601,172400,322.12,322.13,322.05,322.08,5403
20260601,172500,322.08,322.09,322.06,322.09,5077
20260601,172600,322.09,322.09,322.08,322.09,1006
20260601,173000,322.01,322.02,321.99,322,4658
20260601,173100,321.99,321.99,321.9,321.9,11446
20260601,173200,321.91,321.99,321.91,321.96,3443
20260601,173300,321.97,321.98,321.87,321.91,2556
20260601,173400,321.91,321.93,321.81,321.9,5953
20260601,173500,321.9,321.91,321.82,321.87,7992
20260601,173600,321.87,321.96,321.86,321.93,7275
20260601,174000,321.72,321.87,321.7,321.75,14074
20260601,174100,321.79,321.82,321.69,321.82,12379
20260601,174200,321.82,321.88,321.8,321.82,22355
20260601,174300,321.81,321.94,321.8,321.9,20591
20260601,174400,321.9,321.92,321.8,321.91,13882
20260601,174500,321.9,321.91,321.87,321.9,2249
20260601,174600,321.9,321.91,321.87,321.9,5937
20260601,175000,321.77,321.86,321.76,321.77,5779
20260601,175100,321.78,321.81,321.73,321.74,8435
20260601,175200,321.74,321.75,321.62,321.63,99142
20260601,175300,321.62,321.68,321.54,321.68,11467
20260601,175400,321.68,321.73,321.68,321.72,4669
20260601,175500,321.72,321.72,321.67,321.68,4992
20260601,175600,321.67,321.73,321.67,321.72,18011
20260601,180000,321.79,321.87,321.76,321.84,2174
20260601,180100,321.86,321.87,321.72,321.87,9759
20260601,180200,321.87,321.87,321.7,321.79,71263
20260601,180300,321.79,321.8,321.79,321.8,8060
20260601,180400,321.8,321.8,321.75,321.75,4364
20260601,180500,321.76,321.79,321.76,321.79,1941
20260601,180600,321.79,321.79,321.78,321.79,3090
20260601,181000,321.89,321.9,321.83,321.88,12742
20260601,181100,321.88,321.9,321.84,321.88,1861
20260601,181200,321.87,321.9,321.87,321.88,42069
20260601,181300,321.9,321.92,321.9,321.92,17038
20260601,181400,321.92,321.92,321.91,321.92,1739
20260601,181500,321.92,322,321.91,321.96,49911
20260601,181600,321.96,321.96,321.95,321.96,2782
20260601,182000,321.96,321.99,321.95,321.98,15763
20260601,182100,321.98,322.1,321.97,322.03,17183
20260601,182200,322.03,322.1,322.03,322.08,9526
20260601,182300,322.08,322.08,322.06,322.06,7559
20260601,182400,322.07,322.07,322.06,322.06,4603
20260601,182500,322.07,322.07,321.99,322.06,13634
20260601,182600,322.06,322.09,322.06,322.09,4641
20260601,183000,322.06,322.07,321.99,322.07,6857
20260601,183100,322.06,322.12,322.06,322.12,7139
20260601,183200,322.12,322.13,322.06,322.1,9965
20260601,183300,322.1,322.13,322.08,322.1,2427
20260601,183400,322.11,322.11,322.06,322.08,1703
20260601,183500,322.07,322.11,322.07,322.08,3443
20260601,183600,322.08,322.08,322.03,322.04,10934
20260601,184000,322.2,322.23,322.16,322.23,4131
20260601,184100,322.23,322.23,322.22,322.23,1049
20260601,184200,322.22,322.46,322.22,322.46,34668
20260601,184300,322.46,322.47,322.42,322.45,5913
20260601,184400,322.45,322.45,322.41,322.42,1412
20260601,184500,322.42,322.42,322.41,322.42,510
20260601,184600,322.42,322.42,322.28,322.34,5874
20260601,185000,322.41,322.47,322.41,322.43,16826
20260601,185100,322.43,322.43,322.4,322.41,151
20260601,185200,322.41,322.44,322.4,322.41,6935
20260601,185300,322.41,322.41,322.4,322.41,2497
20260601,185400,322.41,322.41,322.4,322.41,4345
20260601,185500,322.41,322.47,322.4,322.47,17970
20260601,185600,322.46,322.46,322.46,322.46,524
20260601,190000,322.37,322.43,322.29,322.29,13243
20260601,190100,322.37,322.43,322.25,322.39,11104
20260601,190200,322.39,322.39,322.1,322.22,32080
20260601,190300,322.22,322.22,322.1,322.21,4970
20260601,190400,322.22,322.24,322.1,322.2,22455
20260601,190500,322.2,322.2,322.01,322.15,57063
20260601,190600,322.15,322.16,322.15,322.16,1110
20260601,191000,322.09,322.11,322.01,322.08,1214
20260601,191100,322.09,322.12,322.08,322.09,163
20260601,191200,322.09,322.1,322.09,322.1,294
20260601,191300,322.1,322.1,322.09,322.1,2114
20260601,191400,322.1,322.1,322.09,322.09,2655
20260601,191500,322.1,322.1,322,322.01,8241
20260601,191600,322.01,322.04,322.01,322.04,1533
20260601,192000,322.07,322.09,322.07,322.08,526
20260601,192100,322.09,322.09,322.08,322.09,1285
20260601,192200,322.08,322.1,322.08,322.09,2447
20260601,192300,322.09,322.25,322.09,322.24,12361
20260601,192400,322.24,322.25,322.23,322.24,8703
20260601,192500,322.23,322.25,322.12,322.24,2500
20260601,192600,322.24,322.24,322.15,322.2,1307
20260601,193000,322.04,322.22,322.04,322.2,50341
20260601,193100,322.19,322.33,322.17,322.31,36763
20260601,193200,322.31,322.34,322.3,322.34,364
20260601,193300,322.34,322.36,322.34,322.35,2166
20260601,193400,322.36,322.36,322.35,322.36,3557
20260601,193500,322.36,322.36,322.35,322.35,1870
20260601,193600,322.36,322.36,322.34,322.35,2367
20260601,194000,323.4,323.41,323.14,323.24,130439
20260601,194100,323.22,323.27,323.07,323.07,79161
20260601,194200,323.07,323.08,322.9,322.91,44452
20260601,194300,322.92,322.92,322.86,322.87,16919
20260601,194400,322.86,323.08,322.86,322.93,114231
20260601,194500,322.92,323.1,322.92,323.04,38684
20260601,194600,323.04,323.09,323.04,323.09,30560
20260601,195000,323.16,323.16,323.08,323.16,30881
20260601,195100,323.17,323.17,323.11,323.13,8865
20260601,195200,323.12,323.14,323.08,323.08,12044
20260601,195300,323.09,323.19,323.04,323.09,10748
20260601,195400,323.11,323.14,323.1,323.14,5644
20260601,195500,323.13,323.19,323.13,323.18,21688
20260601,195600,323.19,323.19,323.18,323.18,6641
20260601,200000,322.89,323,322.88,323,11838
20260601,200100,323,323,322.89,322.93,5223
20260601,200200,322.92,322.92,322.89,322.89,6263
20260601,200300,322.9,322.93,322.82,322.86,3938
20260601,200400,322.86,322.88,322.82,322.83,3380
20260601,200500,322.87,322.87,322.83,322.85,1953
20260601,200600,322.84,322.86,322.78,322.79,13607
20260601,201000,322.85,322.85,322.73,322.85,1751
20260601,201100,322.85,322.88,322.85,322.87,742
20260601,201200,322.86,322.9,322.82,322.83,18024
20260601,201300,322.83,322.9,322.83,322.87,4398
20260601,201400,322.87,322.87,322.72,322.77,7856
20260601,201500,322.8,322.85,322.75,322.79,6889
20260601,201600,322.79,322.81,322.77,322.81,24613
20260601,202000,322.84,322.84,322.8,322.8,2358
20260601,202100,322.81,322.82,322.8,322.8,13144
20260601,202200,322.81,322.82,322.8,322.81,3555
20260601,202300,322.81,322.81,322.8,322.81,433
20260601,202400,322.8,322.82,322.8,322.81,11618
20260601,202500,322.82,322.84,322.81,322.84,2037
20260601,202600,322.83,322.87,322.83,322.87,3500
20260601,203000,322.87,322.91,322.86,322.88,4097
20260601,203100,322.88,322.88,322.87,322.88,185
20260601,203200,322.88,322.88,322.87,322.88,760
20260601,203300,322.88,322.88,322.86,322.87,5979
20260601,203400,322.87,322.87,322.86,322.87,597
20260601,203500,322.88,322.89,322.87,322.89,1555
20260601,203600,322.89,322.92,322.88,322.92,4007
20260601,204000,322.93,322.98,322.92,322.98,7497
20260601,204100,322.98,322.99,322.97,322.99,1754
20260601,204200,322.99,322.99,322.97,322.98,6291
20260601,204300,322.98,322.98,322.97,322.97,1744
20260601,204400,322.98,322.98,322.92,322.93,2594
20260601,204500,322.93,322.93,322.92,322.93,1106
20260601,204600,322.92,322.93,322.92,322.93,1541
20260601,205000,322.88,322.88,322.86,322.86,11023
20260601,205100,322.87,322.88,322.86,322.88,564
20260601,205200,322.88,322.88,322.87,322.88,6243
20260601,205300,322.88,322.88,322.87,322.88,396
20260601,205400,322.88,322.88,322.87,322.87,520
20260601,205500,322.88,322.88,322.87,322.88,1389
20260601,205600,322.88,322.98,322.87,322.97,9846
20260601,210000,323,323,322.99,323,896
20260601,210100,322.99,323,322.99,323,3250
20260601,210200,323,323,323,323,4834
20260601,210300,323,323,322.99,323,8177
20260601,210400,322.99,323,322.99,322.99,3132
20260601,210500,323,323,322.99,323,3065
20260601,210600,323,323,322.99,323,5229
20260601,211000,323,323,322.99,323,4212
20260601,211100,323,323,322.99,323,3225
20260601,211200,323,323,322.99,323,2339
20260601,211300,323,323,322.99,322.99,208
20260601,211400,323,323.01,322.99,323,1045
20260601,211500,323.01,323.04,323,323.04,5448
20260601,211600,323.04,323.09,323.03,323.05,1715
20260601,212000,323.14,323.14,323,323.05,15370
20260601,212100,323.05,323.11,322.97,323,16876
20260601,212200,322.97,322.97,322.94,322.96,628
20260601,212300,322.94,322.96,322.94,322.95,1330
20260601,212400,322.96,322.96,322.88,322.9,8086
20260601,212500,322.91,322.97,322.86,322.92,899
20260601,212600,322.92,322.97,322.86,322.97,1474
20260601,213000,323.02,323.03,323.02,323.02,387
20260601,213100,323.03,323.03,323.02,323.03,272
20260601,213200,323.03,323.03,323.02,323.03,304
20260601,213300,323.03,323.03,323.02,323.03,560
20260601,213400,323.03,323.03,323.02,323.03,47
20260601,213500,323.03,323.03,323.02,323.02,105
20260601,213600,323.03,323.03,323,323.01,5551
20260601,214000,323.02,323.03,323,323.01,1228
20260601,214100,323.01,323.01,322.91,322.91,22081
20260601,214200,322.93,322.95,322.88,322.94,1147
20260601,214300,322.94,322.94,322.87,322.87,6345
20260601,214400,322.93,322.95,322.93,322.94,378
20260601,214500,322.95,322.95,322.93,322.94,925
20260601,214600,322.94,323.01,322.94,322.98,3851
20260601,215000,322.94,323,322.92,323,1883
20260601,215100,323,323,322.94,323,5510
20260601,215200,323,323,322.99,323,898
20260601,215300,323,323,322.99,323,599
20260601,215400,322.99,323,322.9,322.9,1570
20260601,215500,322.91,322.92,322.89,322.92,2364
20260601,215600,322.92,322.93,322.9,322.91,585
20260601,220000,322.94,323,322.91,322.94,2856
20260601,220100,322.94,322.96,322.9,322.96,7552
20260601,220200,322.92,322.95,322.91,322.95,1475
20260601,220300,322.92,322.96,322.91,322.95,913
20260601,220400,322.95,322.97,322.91,322.91,5650
20260601,220500,322.92,322.97,322.92,322.96,5538
20260601,220600,322.96,322.97,322.9,322.95,1561
20260601,221000,322.99,322.99,322.97,322.99,127
20260601,221100,322.99,322.99,322.97,322.98,59
20260601,221200,322.99,322.99,322.97,322.99,522
20260601,221300,322.99,322.99,322.95,322.97,473
20260601,221400,322.96,322.97,322.91,322.94,2824
20260601,221500,322.94,322.95,322.9,322.91,853
20260601,221600,322.95,322.97,322.95,322.96,213
20260601,222000,322.9,322.93,322.89,322.9,4668
20260601,222100,322.89,322.9,322.89,322.89,1260
20260601,222200,322.9,322.99,322.89,322.96,3267
20260601,222300,322.96,322.96,322.9,322.9,4419
20260601,222400,322.89,322.95,322.89,322.92,4619
20260601,222500,322.95,322.95,322.88,322.94,2341
20260601,222600,322.94,322.94,322.89,322.94,190
20260601,223000,322.89,322.91,322.89,322.89,71
20260601,223100,322.9,322.9,322.89,322.9,467
20260601,223200,322.9,322.9,322.81,322.87,21632
20260601,223300,322.87,322.87,322.81,322.85,1224
20260601,223400,322.84,322.85,322.84,322.84,456
20260601,223500,322.85,322.85,322.84,322.85,564
20260601,223600,322.84,322.85,322.84,322.84,626
20260601,224000,322.81,322.85,322.81,322.85,331
20260601,224100,322.85,322.86,322.84,322.84,2214
20260601,224200,322.81,322.84,322.81,322.83,1441
20260601,224300,322.83,322.85,322.81,322.85,2180
20260601,224400,322.82,322.85,322.8,322.81,2985
20260601,224500,322.8,322.83,322.8,322.81,828
20260601,224600,322.81,322.81,322.8,322.8,1502
20260601,225000,322.72,322.74,322.72,322.72,7389
20260601,225100,322.73,322.73,322.72,322.73,105
20260601,225200,322.73,322.73,322.72,322.73,4494
20260601,225300,322.73,322.73,322.72,322.73,1992
20260601,225400,322.72,322.73,322.72,322.73,4201
20260601,225500,322.73,322.73,322.72,322.73,1296
20260601,225600,322.73,322.73,322.71,322.73,4919
20260601,230000,322.75,322.75,322.74,322.75,471
20260601,230100,322.75,322.75,322.74,322.74,287
20260601,230200,322.75,322.75,322.74,322.75,534
20260601,230300,322.75,322.75,322.74,322.75,2604
20260601,230400,322.75,322.79,322.75,322.78,286
20260601,230500,322.79,322.82,322.79,322.82,1759
20260601,230600,322.82,322.86,322.82,322.85,3103
20260601,231000,322.87,322.88,322.87,322.88,225
20260601,231100,322.88,322.88,322.87,322.88,307
20260601,231200,322.88,322.9,322.88,322.9,3461
20260601,231300,322.9,322.9,322.89,322.9,2295
20260601,231400,322.89,322.9,322.89,322.9,64
20260601,231500,322.9,322.9,322.89,322.9,254
20260601,231600,322.9,322.9,322.89,322.9,98
20260601,232000,322.9,322.9,322.89,322.9,643
20260601,232100,322.9,322.9,322.89,322.9,4305
20260601,232200,322.89,322.9,322.89,322.89,7845
20260601,232300,322.9,322.9,322.82,322.82,12597
20260601,232400,322.82,322.82,322.81,322.82,10132
20260601,232500,322.82,322.87,322.82,322.85,3077
20260601,232600,322.85,322.9,322.82,322.9,5086
20260601,233000,322.9,322.9,322.89,322.89,1221
20260601,233100,322.9,322.9,322.89,322.9,2372
20260601,233200,322.9,322.9,322.89,322.9,4363
20260601,233300,322.89,322.9,322.89,322.9,722
20260601,233400,322.89,322.91,322.89,322.9,2061
20260601,233500,322.91,322.92,322.89,322.92,6003
20260601,233600,322.92,322.92,322.92,322.92,142
20260601,234000,322.98,323,322.98,323,1021
20260601,234100,322.99,323,322.99,323,1173
20260601,234200,322.99,323,322.99,323,441
20260601,234300,322.99,323,322.99,322.99,594
20260601,234400,323,323,322.99,322.99,3067
20260601,234500,323,323,322.99,323,3824
20260601,234600,323,323.03,322.99,323.03,3441
20260601,235000,323,323.5,323,323.4,37950
20260601,235100,323.39,323.39,323.07,323.38,14385
20260601,235200,323.35,323.38,323.35,323.36,5202
20260601,235300,323.36,323.37,323.35,323.36,9147
20260601,235400,323.35,323.37,323.11,323.2,6959
20260601,235500,323.2,323.2,323.01,323.05,6581
20260601,235600,323.05,323.06,323,323,15040
20260602,000000,323.24,323.24,323.2,323.24,396
20260602,000100,323.24,323.32,323.22,323.32,2104
20260602,000200,323.31,323.38,323.3,323.37,2423
20260602,000300,323.37,323.37,323.3,323.31,3623
20260602,000400,323.31,323.37,323.3,323.3,10051
20260602,000500,323.26,323.32,323.2,323.21,2762
20260602,000600,323.21,323.21,323.11,323.11,6911
20260602,001000,323.09,323.09,323.01,323.02,2663
20260602,001100,323.07,323.07,322.8,322.97,28366
20260602,001200,322.97,323.07,322.95,323.07,3430
20260602,001300,323.04,323.27,323.04,323.25,8566
20260602,001400,323.24,323.27,323.16,323.21,4339
20260602,001500,323.16,323.28,323.14,323.18,2443
20260602,001600,323.18,323.24,323.05,323.12,8245
20260602,002000,323.17,323.24,323.1,323.2,2331
20260602,002100,323.2,323.2,323.17,323.18,208
20260602,002200,323.18,323.19,323.17,323.17,868
20260602,002300,323.18,323.19,323.17,323.18,15127
20260602,002400,323.17,323.19,323.03,323.17,8128
20260602,002500,323.09,323.17,323.08,323.17,993
20260602,002600,323.11,323.18,323.1,323.17,3710
20260602,003000,323.13,323.14,323.11,323.13,737
20260602,003100,323.13,323.13,323.12,323.12,133
20260602,003200,323.12,323.18,323.11,323.14,3263
20260602,003300,323.13,323.13,323.1,323.12,296
20260602,003400,323.12,323.14,323.11,323.11,987
20260602,003500,323.14,323.14,323.1,323.14,1321
20260602,003600,323.14,323.14,323.1,323.11,387
20260602,004000,323.09,323.09,323.06,323.09,818
20260602,004100,323.07,323.09,323.06,323.07,593
20260602,004200,323.09,323.09,323.07,323.08,366
20260602,004300,323.09,323.11,323.08,323.11,545
20260602,004400,323.11,323.2,323.09,323.18,3109
20260602,004500,323.09,323.2,323.09,323.13,1408
20260602,004600,323.19,323.2,323.14,323.18,110
20260602,005000,323.13,323.18,323.11,323.18,1462
20260602,005100,323.12,323.18,323.12,323.18,600
20260602,005200,323.18,323.18,323.08,323.17,1433
20260602,005300,323.09,323.17,323.08,323.14,88
20260602,005400,323.14,323.14,323.06,323.11,185
20260602,005500,323.11,323.11,323.08,323.09,1024
20260602,005600,323.09,323.09,323.08,323.08,4510
20260602,010000,323.11,323.11,323.01,323.07,14367
20260602,010100,323.01,323.08,323,323.08,9183
20260602,010200,323.08,323.09,323.01,323.08,2353
20260602,010300,323.08,323.08,323.01,323.07,405
20260602,010400,323.01,323.05,323,323.04,597
20260602,010500,323.04,323.04,323,323.04,171
20260602,010600,323.04,323.04,323,323.04,1106
20260602,011000,322.94,323.01,322.94,322.94,761
20260602,011100,323.01,323.01,322.86,323,3101
20260602,011200,323,323.01,322.91,323.01,96
20260602,011300,323.01,323.05,323.01,323.04,7352
20260602,011400,323.04,323.05,323.04,323.05,1027
20260602,011500,323.05,323.11,323.05,323.11,3041
20260602,011600,323.1,323.11,323.1,323.11,630
20260602,012000,323.17,323.17,323.1,323.17,100
20260602,012100,323.1,323.19,323.1,323.19,2762
20260602,012200,323.19,323.21,323.11,323.19,3738
20260602,012300,323.19,323.21,323.19,323.2,2330
20260602,012400,323.2,323.2,323.11,323.2,1520
20260602,012500,323.11,323.23,323.11,323.23,4298
20260602,012600,323.23,323.23,323.19,323.23,1486
20260602,013000,323.22,323.24,323.22,323.24,2357
20260602,013100,323.24,323.35,323.23,323.35,11826
20260602,013200,323.35,323.35,323.32,323.35,4880
20260602,013300,323.35,323.35,323.33,323.35,10816
20260602,013400,323.35,323.35,323.33,323.34,554
20260602,013500,323.34,323.34,323.33,323.33,893
20260602,013600,323.32,323.33,323.25,323.25,872
20260602,014000,323.32,323.32,323.26,323.26,197
20260602,014100,323.3,323.3,323.25,323.3,1766
20260602,014200,323.25,323.3,323.25,323.3,491
20260602,014300,323.3,323.32,323.25,323.3,325
20260602,014400,323.32,323.33,323.3,323.31,338
20260602,014500,323.3,323.32,323.25,323.31,6068
20260602,014600,323.31,323.31,323.24,323.24,1673
20260602,015000,323.25,323.25,323.12,323.14,9196
20260602,015100,323.12,323.22,323.12,323.18,7532
20260602,015200,323.22,323.22,323.18,323.21,5035
20260602,015300,323.22,323.28,323.21,323.26,2403
20260602,015400,323.26,323.26,323.11,323.11,3192
20260602,015500,323.12,323.12,323.01,323.09,6982
20260602,015600,323.09,323.09,322.98,322.98,9683
20260602,020000,322.99,322.99,322.96,322.97,2281
20260602,020100,322.97,322.99,322.91,322.99,2237
20260602,020200,322.99,323.11,322.99,323.07,22445
20260602,020300,323.07,323.11,323.04,323.07,2263
20260602,020400,323.09,323.1,323.07,323.09,5074
20260602,020500,323.08,323.09,323,323.08,2054
20260602,020600,323.08,323.08,323.03,323.07,124
20260602,021000,323.04,323.05,323.03,323.05,3637
20260602,021100,323.04,323.04,322.93,323.02,6655
20260602,021200,323.02,323.03,322.91,323.02,11331
20260602,021300,323,323.02,322.9,322.95,3626
20260602,021400,322.95,323,322.91,322.99,3947
20260602,021500,322.97,323.02,322.97,323,220
20260602,021600,323,323.09,322.98,323.09,7668
20260602,022000,323.14,323.14,323.11,323.13,546
20260602,022100,323.13,323.13,323.11,323.13,134
20260602,022200,323.11,323.12,323,323.06,10092
20260602,022300,323.11,323.13,323,323.13,11109
20260602,022400,323.1,323.13,323.03,323.12,1711
20260602,022500,323.12,323.12,323.04,323.1,1799
20260602,022600,323.06,323.12,323.03,323.1,921
20260602,023000,323.06,323.12,323,323,2527
20260602,023100,323.05,323.1,323.01,323.06,3279
20260602,023200,323.06,323.1,323.01,323.07,808
20260602,023300,323.07,323.09,323.06,323.09,954
20260602,023400,323.09,323.09,323.06,323.07,906
20260602,023500,323.09,323.09,323.06,323.08,3831
20260602,023600,323.08,323.08,323.07,323.08,260
20260602,024000,323,323,322.94,322.97,287
20260602,024100,322.94,323,322.91,322.99,19723
20260602,024200,322.99,323.02,322.95,323.01,11155
20260602,024300,323.01,323.02,323.01,323.02,729
20260602,024400,323.02,323.09,323.01,323.02,26641
20260602,024500,323.02,323.03,322.93,323.02,2220
20260602,024600,323.02,323.03,323.02,323.03,11699
20260602,025000,322.99,323.05,322.92,323.04,7866
20260602,025100,323.04,323.04,323,323.01,2666
20260602,025200,323.01,323.05,323,323.05,2328
20260602,025300,323.04,323.07,323,323,5604
20260602,025400,323.02,323.06,323,323.06,1356
20260602,025500,323.03,323.09,323.03,323.08,8295
20260602,025600,323.08,323.09,323.08,323.08,4757
20260602,030000,322.99,323,322.99,323,1696
20260602,030100,322.99,323,322.94,322.94,3884
20260602,030200,322.95,322.96,322.88,322.88,5518
20260602,030300,322.88,322.92,322.61,322.62,99153
20260602,030400,322.62,322.62,322.17,322.5,147704
20260602,030500,322.5,322.68,322.49,322.68,14400
20260602,030600,322.68,322.79,322.66,322.75,22012
20260602,031000,322.74,322.74,322.71,322.71,3446
20260602,031100,322.71,322.72,322.71,322.72,1170
20260602,031200,322.71,322.72,322.71,322.72,1424
20260602,031300,322.72,322.72,322.67,322.72,5169
20260602,031400,322.72,322.73,322.68,322.71,8120
20260602,031500,322.71,322.72,322.5,322.5,18288
20260602,031600,322.5,322.69,322.49,322.69,1588
20260602,032000,322.68,322.73,322.68,322.73,10989
20260602,032100,322.73,322.73,322.72,322.73,10265
20260602,032200,322.73,322.73,322.72,322.73,12282
20260602,032300,322.73,322.73,322.72,322.73,3436
20260602,032400,322.73,322.73,322.72,322.73,6083
20260602,032500,322.72,322.73,322.72,322.72,9364
20260602,032600,322.72,323,322.72,323,24100
20260602,033000,323.26,323.54,323.26,323.41,150246
20260602,033100,323.38,323.53,323.36,323.41,22940
20260602,033200,323.42,323.54,323.42,323.54,87937
20260602,033300,323.53,323.54,323.4,323.51,62328
20260602,033400,323.5,323.54,323.46,323.54,143202
20260602,033500,323.54,324.88,323.54,324.76,918432
20260602,033600,324.76,324.78,324.48,324.5,199977
20260602,034000,324.89,324.97,324.67,324.74,135735
20260602,034100,324.72,324.74,324.67,324.74,12237
20260602,034200,324.72,324.74,324.7,324.72,21266
20260602,034300,324.71,324.72,324.7,324.71,19437
20260602,034400,324.7,324.72,324.66,324.71,81824
20260602,034500,324.72,324.8,324.71,324.79,58734
20260602,034600,324.8,324.9,324.79,324.84,86440
20260602,035000,324.79,325,324.79,324.96,244047
20260602,035100,324.96,325,324.95,325,187577
20260602,035200,324.99,325,324.95,324.97,144655
20260602,035300,324.99,324.99,324.86,324.95,49478
20260602,035400,324.95,324.96,324.95,324.95,113374
20260602,035500,324.96,324.97,324.78,324.88,154839
20260602,035600,324.88,324.96,324.88,324.96,61661
20260602,040000,324.95,325.22,324.95,325.19,1205513
20260602,040100,325.22,325.3,325.02,325.29,132092
20260602,040200,325.3,325.48,325.25,325.43,79999
20260602,040300,325.43,325.43,325.3,325.31,139494
20260602,040400,325.31,325.35,325.09,325.1,97153
20260602,040500,325.1,325.2,324.98,325,146911
20260602,040600,325,325,324.87,325,118904
20260602,041000,324.86,324.96,324.75,324.96,99023
20260602,041100,324.96,325,324.93,325,61978
20260602,041200,325,325,324.96,325,39675
20260602,041300,325,325,324.84,324.89,22856
20260602,041400,324.86,324.99,324.83,324.93,47689
20260602,041500,324.93,325,324.93,324.99,152283
20260602,041600,325,325,324.99,325,69489
20260602,042000,324.9,324.95,324.86,324.95,123242
20260602,042100,324.93,324.95,324.85,324.85,93220
20260602,042200,324.84,324.85,324.75,324.81,77515
20260602,042300,324.82,324.85,324.79,324.83,70354
20260602,042400,324.83,324.85,324.7,324.7,121470
20260602,042500,324.7,324.8,324.57,324.69,95018
20260602,042600,324.7,324.82,324.67,324.79,32044
20260602,043000,324.73,324.73,324.65,324.65,21406
20260602,043100,324.66,324.68,324.65,324.67,12731
20260602,043200,324.68,324.68,324.64,324.67,23405
20260602,043300,324.66,324.67,324.58,324.59,18755
20260602,043400,324.58,324.58,324.33,324.35,71943
20260602,043500,324.35,324.43,324.21,324.41,91438
20260602,043600,324.41,324.44,324.32,324.39,13353
20260602,044000,324.49,324.5,324.44,324.49,10099
20260602,044100,324.5,324.5,324.34,324.4,22942
20260602,044200,324.4,324.4,324.3,324.38,14266
20260602,044300,324.4,324.48,324.39,324.47,6577
20260602,044400,324.47,324.47,324.39,324.4,12764
20260602,044500,324.44,324.44,324.33,324.42,13083
20260602,044600,324.44,324.47,324.34,324.47,12707
20260602,045000,324.44,324.45,322.9,323.14,794650
20260602,045100,323.14,323.83,322.96,323.43,196073
20260602,045200,323.43,323.98,323.02,323.5,141231
20260602,045300,323.51,323.75,323.36,323.69,48853
20260602,045400,323.69,323.75,323.59,323.68,45536
20260602,045500,323.68,323.75,323.62,323.75,272359
20260602,045600,323.74,323.75,323.7,323.75,29496
20260602,050000,324.01,324.15,324,324.13,125261
20260602,050100,324.13,324.15,324,324.1,28825
20260602,050200,324.1,324.2,324.1,324.2,135264
20260602,050300,324.2,324.2,324.19,324.2,3294
20260602,050400,324.2,324.2,324.15,324.15,57317
20260602,050500,324.14,324.2,324.11,324.2,91584
20260602,050600,324.2,324.2,324.19,324.2,23073
20260602,051000,324.32,324.32,324.25,324.25,8995
20260602,051100,324.26,324.26,324.15,324.19,13000
20260602,051200,324.19,324.19,324.16,324.17,9124
20260602,051300,324.17,324.17,324.11,324.15,11947
20260602,051400,324.15,324.17,324.11,324.11,8124
20260602,051500,324.14,324.18,324.11,324.16,8437
20260602,051600,324.17,324.18,324.14,324.14,3954
20260602,052000,324.3,324.48,324.3,324.48,15711
20260602,052100,324.47,324.48,324.46,324.47,7781
20260602,052200,324.47,324.5,324.45,324.46,12034
20260602,052300,324.45,324.46,324.37,324.37,12510
20260602,052400,324.38,324.38,324.33,324.34,3012
20260602,052500,324.34,324.34,324.26,324.3,7124
20260602,052600,324.31,324.31,324.26,324.28,2425
20260602,053000,324.26,324.26,324.25,324.26,2055
20260602,053100,324.26,324.26,324.25,324.26,1663
20260602,053200,324.26,324.4,324.25,324.39,6610
20260602,053300,324.4,324.4,324.37,324.4,8951
20260602,053400,324.4,324.41,324.39,324.4,2795
20260602,053500,324.41,324.65,324.4,324.65,46438
20260602,053600,324.65,324.65,324.61,324.62,46115
20260602,054000,324.65,324.65,324.6,324.63,21431
20260602,054100,324.63,324.64,324.62,324.62,5434
20260602,054200,324.63,324.64,324.62,324.63,3923
20260602,054300,324.63,324.63,324.6,324.61,1296
20260602,054400,324.61,324.62,324.6,324.61,18706
20260602,054500,324.61,324.61,324.52,324.52,4136
20260602,054600,324.52,324.55,324.51,324.55,8412
20260602,055000,324.65,324.65,324.64,324.65,9226
20260602,055100,324.64,324.65,324.63,324.64,33500
20260602,055200,324.64,324.64,324.61,324.63,6818
20260602,055300,324.63,324.64,324.62,324.64,34469
20260602,055400,324.64,324.64,324.63,324.64,11380
20260602,055500,324.64,324.64,324.54,324.56,26393
20260602,055600,324.57,324.57,324.53,324.54,8151
20260602,060000,324.52,324.52,324.4,324.41,2720
20260602,060100,324.42,324.51,324.37,324.45,20173
20260602,060200,324.48,324.48,324.43,324.48,1024
20260602,060300,324.47,324.5,324.44,324.5,1724
20260602,060400,324.5,324.51,324.44,324.45,2414
20260602,060500,324.45,324.45,324.44,324.45,9391
20260602,060600,324.45,324.45,324.39,324.45,7869
20260602,061000,324.31,324.36,324.28,324.36,12467
20260602,061100,324.36,324.45,324.35,324.42,6327
20260602,061200,324.42,324.42,324.41,324.41,1210
20260602,061300,324.42,324.42,324.41,324.42,3180
20260602,061400,324.42,324.42,324.41,324.42,2088
20260602,061500,324.42,324.42,324.41,324.42,1200
20260602,061600,324.42,324.45,324.41,324.45,3165
20260602,062000,324.42,324.43,324.42,324.43,5210
20260602,062100,324.43,324.43,324.42,324.43,15979
20260602,062200,324.43,324.43,324.42,324.43,4743
20260602,062300,324.43,324.43,324.42,324.43,870
20260602,062400,324.43,324.43,324.42,324.43,1047
20260602,062500,324.43,324.43,324.42,324.43,4778
20260602,062600,324.43,324.43,324.41,324.43,5153
20260602,063000,324.42,324.42,324.23,324.24,24774
20260602,063100,324.24,324.27,324.23,324.27,2218
20260602,063200,324.27,324.33,324.26,324.32,4111
20260602,063300,324.32,324.32,324.25,324.25,5166
20260602,063400,324.29,324.3,324.24,324.3,9820
20260602,063500,324.3,324.31,324.24,324.3,7266
20260602,063600,324.3,324.3,324.28,324.29,20166
20260602,064000,324.31,324.45,324.27,324.3,75890
20260602,064100,324.3,324.3,324.29,324.29,25342
20260602,064200,324.28,324.28,324.27,324.28,1750
20260602,064300,324.28,324.28,324.24,324.27,8201
20260602,064400,324.28,324.3,324.28,324.3,5862
20260602,064500,324.3,324.3,324.29,324.3,5057
20260602,064600,324.3,324.3,324.29,324.3,7183
20260602,065000,324.41,324.45,324.4,324.4,15015
20260602,065100,324.4,324.45,324.4,324.44,1531
20260602,065200,324.44,324.45,324.42,324.45,1880
20260602,065300,324.44,324.45,324.43,324.45,2361
20260602,065400,324.45,324.45,324.42,324.42,6635
20260602,065500,324.43,324.45,324.43,324.45,830
20260602,065600,324.45,324.45,324.42,324.43,1362
20260602,070000,324.27,324.27,324.24,324.26,3281
20260602,070100,324.27,324.27,324.26,324.27,1280
20260602,070200,324.27,324.39,324.27,324.37,4497
20260602,070300,324.37,324.64,324.36,324.64,46678
20260602,070400,324.64,324.64,324.61,324.61,10896
20260602,070500,324.62,324.62,324.61,324.62,2601
20260602,070600,324.62,324.67,324.62,324.67,55576
20260602,071000,324.7,324.7,324.69,324.7,1269
20260602,071100,324.7,324.7,324.69,324.7,5020
20260602,071200,324.7,324.7,324.67,324.68,6959
20260602,071300,324.68,324.68,324.63,324.63,17318
20260602,071400,324.63,324.63,324.5,324.51,22094
20260602,071500,324.51,324.51,324.44,324.45,2433
20260602,071600,324.44,324.46,324.44,324.45,8258
20260602,072000,324.38,324.38,324.36,324.38,1478
20260602,072100,324.38,324.38,324.37,324.38,4276
20260602,072200,324.38,324.39,324.36,324.38,960
20260602,072300,324.38,324.38,324.25,324.26,82809
20260602,072400,324.27,324.3,324.26,324.3,3926
20260602,072500,324.3,324.33,324.29,324.32,1527
20260602,072600,324.32,324.35,324.31,324.34,1039
20260602,073000,324.35,324.36,324.31,324.36,3149
20260602,073100,324.36,324.42,324.35,324.42,1128
20260602,073200,324.42,324.42,324.41,324.41,760
20260602,073300,324.41,324.42,324.4,324.42,3621
20260602,073400,324.42,324.42,324.41,324.42,1701
20260602,073500,324.42,324.43,324.41,324.43,2799
20260602,073600,324.41,324.45,324.41,324.44,9804
20260602,074000,324.42,324.45,324.41,324.44,22419
20260602,074100,324.44,324.45,324.41,324.44,35194
20260602,074200,324.44,324.44,324.42,324.44,10164
20260602,074300,324.43,324.45,324.41,324.45,26182
20260602,074400,324.45,324.45,324.43,324.45,49726
20260602,074500,324.45,324.45,324.44,324.45,2819
20260602,074600,324.45,324.45,324.44,324.45,73301
20260602,075000,324.61,324.61,324.54,324.54,4444
20260602,075100,324.54,324.61,324.53,324.6,4941
20260602,075200,324.61,324.61,324.6,324.61,13506
20260602,075300,324.61,324.61,324.6,324.6,5014
20260602,075400,324.61,324.61,324.6,324.61,7502
20260602,075500,324.61,324.7,324.49,324.5,145534
20260602,075600,324.5,324.5,324.49,324.5,2636
20260602,080000,324.46,324.5,324.45,324.5,4971
20260602,080100,324.5,324.5,324.49,324.5,5443
20260602,080200,324.5,324.5,324.49,324.5,1856
20260602,080300,324.5,324.5,324.49,324.5,1114
20260602,080400,324.5,324.5,324.49,324.5,1312
20260602,080500,324.49,324.5,324.49,324.5,2681
20260602,080600,324.5,324.5,324.43,324.45,16829
20260602,081000,324.45,324.45,324.44,324.45,56325
20260602,081100,324.44,324.72,324.44,324.72,194860
20260602,081200,324.72,324.75,324.71,324.74,24943
20260602,081300,324.74,324.76,324.71,324.73,33039
20260602,081400,324.73,324.76,324.72,324.75,3254
20260602,081500,324.76,324.77,324.75,324.76,3404
20260602,081600,324.77,324.8,324.76,324.8,10769
20260602,082000,324.63,324.65,324.63,324.65,31182
20260602,082100,324.65,324.65,324.64,324.65,15325
20260602,082200,324.65,324.65,324.64,324.65,17469
20260602,082300,324.65,324.65,324.64,324.65,22403
20260602,082400,324.65,324.81,324.65,324.81,9705
20260602,082500,324.81,324.81,324.76,324.79,2125
20260602,082600,324.73,324.79,324.68,324.7,1000
20260602,083000,324.83,324.85,324.83,324.85,5193
20260602,083100,324.85,324.88,324.83,324.88,51140
20260602,083200,324.88,324.88,324.87,324.88,3155
20260602,083300,324.88,324.9,324.87,324.9,24856
20260602,083400,324.9,324.94,324.9,324.93,21845
20260602,083500,324.94,324.95,324.93,324.95,30684
20260602,083600,324.95,325.12,324.94,325.12,219046
20260602,084000,325.03,325.03,324.98,324.98,10304
20260602,084100,324.99,325.02,324.98,325.02,33338
20260602,084200,325.02,325.02,324.94,324.94,180798
20260602,084300,324.95,324.95,324.88,324.89,62896
20260602,084400,324.89,324.89,324.82,324.82,17900
20260602,084500,324.82,324.84,324.8,324.8,20011
20260602,084600,324.81,324.84,324.81,324.84,15893
20260602,085000,324.84,324.9,324.83,324.9,125101
20260602,085100,324.89,324.9,324.89,324.9,7457
20260602,085200,324.89,324.9,324.89,324.9,17003
20260602,085300,324.9,324.9,324.87,324.89,113485
20260602,085400,324.89,324.89,324.87,324.88,11131
20260602,085500,324.88,324.89,324.88,324.89,22399
20260602,085600,324.89,324.89,324.81,324.89,9570
20260602,090000,324.95,324.95,324.94,324.95,17523
20260602,090100,324.95,325,324.95,324.99,12532
20260602,090200,325,325,324.99,325,5240
20260602,090300,325,325,324.86,324.92,32260
20260602,090400,324.92,325,324.92,325,9530
20260602,090500,324.99,325.12,324.99,325.09,19708
20260602,090600,325.09,325.15,325.02,325.15,128834
20260602,091000,325.07,325.14,325.05,325.1,21261
20260602,091100,325.14,325.15,325,325.03,23033
20260602,091200,325.03,325.1,324.9,324.93,31323
20260602,091300,324.93,325.01,324.92,324.93,62318
20260602,091400,324.93,324.93,324.92,324.92,5537
20260602,091500,324.93,324.93,324.92,324.93,21713
20260602,091600,324.93,325.1,324.92,325.1,131263
20260602,092000,325.1,325.1,325.09,325.1,55374
20260602,092100,325.1,325.12,325.04,325.12,57384
20260602,092200,325.12,325.14,325.1,325.12,27413
20260602,092300,325.12,325.13,325.12,325.13,13293
20260602,092400,325.13,325.13,325.12,325.13,3600
20260602,092500,325.13,325.13,325.05,325.06,56441
20260602,092600,325.06,325.12,325.02,325.09,19783
20260602,093000,325.08,325.09,325.02,325.07,4675
20260602,093100,325.03,325.13,325.03,325.11,65319
20260602,093200,325.11,325.13,325.11,325.13,2384
20260602,093300,325.13,325.13,325.09,325.13,14866
20260602,093400,325.13,325.13,325.11,325.11,2449
20260602,093500,325.11,325.12,325.07,325.08,22618
20260602,093600,325.08,325.09,325.03,325.04,19207
20260602,094000,325.02,325.05,325,325.05,26842
20260602,094100,325.05,325.09,325.01,325.06,24257
20260602,094200,325.06,325.1,325.06,325.08,13730
20260602,094300,325.07,325.12,325.07,325.12,5743
20260602,094400,325.12,325.14,325.12,325.14,15051
20260602,094500,325.14,325.15,325.13,325.15,39092
20260602,094600,325.15,325.15,325.14,325.15,18525
20260602,095000,325.33,325.35,325.32,325.34,96541
20260602,095100,325.35,325.38,325.17,325.18,25682
20260602,095200,325.18,325.19,325.17,325.18,4073
20260602,095300,325.18,325.35,325.16,325.34,39299
20260602,095400,325.33,325.35,325.31,325.31,16966
20260602,095500,325.32,325.33,325.18,325.2,35139
20260602,095600,325.2,325.2,325.11,325.16,4152
20260602,100000,325.15,325.17,325.14,325.17,1685
20260602,100100,325.16,325.16,324.99,325,92490
20260602,100200,325,325.1,324.99,325.1,39545
20260602,100300,325.1,325.1,325.09,325.1,17637
20260602,100400,325.1,325.1,325.09,325.1,2735
20260602,100500,325.1,325.1,325.09,325.1,17902
20260602,100600,325.09,325.09,325.07,325.09,8650
20260602,101000,325.08,325.08,325.07,325.08,9533
20260602,101100,325.08,325.15,325.07,325.15,50380
20260602,101200,325.15,325.15,325.14,325.15,4517
20260602,101300,325.14,325.2,325.14,325.2,10085
20260602,101400,325.19,325.25,325.19,325.24,6044
20260602,101500,325.24,325.4,325.23,325.39,89826
20260602,101600,325.39,325.41,325.34,325.41,36659
20260602,102000,325.43,325.52,325.43,325.52,95545
20260602,102100,325.52,325.59,325.51,325.59,40579
20260602,102200,325.59,325.6,325.58,325.6,7118
20260602,102300,325.6,325.94,325.59,325.94,293361
20260602,102400,325.94,325.98,325.84,325.84,95105
20260602,102500,325.85,325.87,325.84,325.86,63040
20260602,102600,325.86,326.05,325.85,326.04,399062
20260602,103000,326.5,326.51,326.18,326.37,641045
20260602,103100,326.38,326.38,326.31,326.32,165333
20260602,103200,326.33,326.33,326.23,326.29,49833
20260602,103300,326.29,326.3,326.15,326.25,97146
20260602,103400,326.25,326.3,326.19,326.27,26933
20260602,103500,326.26,326.3,326.26,326.3,25867
20260602,103600,326.3,326.31,326.29,326.31,25251
20260602,104000,326.32,326.32,326.3,326.31,23417
20260602,104100,326.31,326.31,326.28,326.28,34414
20260602,104200,326.28,326.29,326.18,326.19,38379
20260602,104300,326.19,326.19,326.06,326.09,22372
20260602,104400,326.09,326.18,326,326.12,131151
20260602,104500,326.08,326.15,326.01,326.15,23343
20260602,104600,326.15,326.15,326.14,326.15,38813
20260602,105000,326.28,326.5,326.27,326.46,263684
20260602,105100,326.46,326.64,326.46,326.64,165111
20260602,105200,326.63,326.67,326.63,326.64,42280
20260602,105300,326.65,326.65,326.46,326.49,40291
20260602,105400,326.48,326.53,326.35,326.45,32823
20260602,105500,326.45,326.59,326.45,326.58,32847
20260602,105600,326.58,326.66,326.51,326.59,75230
20260602,110000,326.56,326.57,326.5,326.52,23282
20260602,110100,326.52,326.6,326.46,326.6,64401
20260602,110200,326.6,326.73,326.52,326.66,103372
20260602,110300,326.66,326.67,326.55,326.66,45448
20260602,110400,326.66,326.66,326.6,326.65,13286
20260602,110500,326.65,326.71,326.65,326.7,10010
20260602,110600,326.7,326.8,326.66,326.67,130646
20260602,111000,326.7,326.71,326.51,326.58,37574
20260602,111100,326.58,326.58,326.37,326.51,129928
20260602,111200,326.5,326.56,326.46,326.56,11413
20260602,111300,326.51,326.57,326.4,326.51,21425
20260602,111400,326.52,326.52,326.37,326.39,20212
20260602,111500,326.37,326.53,326.37,326.5,72293
20260602,111600,326.5,326.52,326.49,326.5,6708
20260602,112000,326.6,326.73,326.6,326.72,29404
20260602,112100,326.73,326.75,326.63,326.65,10675
20260602,112200,326.64,326.66,326.61,326.66,6196
20260602,112300,326.66,326.66,326.6,326.66,71517
20260602,112400,326.66,326.66,326.6,326.62,6363
20260602,112500,326.62,326.66,326.61,326.65,27276
20260602,112600,326.65,326.7,326.64,326.65,35330
20260602,113000,326.6,326.71,326.49,326.58,21098
20260602,113100,326.58,326.65,326.54,326.6,7923
20260602,113200,326.6,326.63,326.56,326.59,4939
20260602,113300,326.59,326.59,326.5,326.51,8097
20260602,113400,326.51,326.59,326.51,326.57,2478
20260602,113500,326.57,326.57,326.53,326.55,1672
20260602,113600,326.55,326.57,326.5,326.5,4360
20260602,114000,326.48,326.52,326.48,326.48,5335
20260602,114100,326.49,326.52,326.46,326.48,10214
20260602,114200,326.48,326.51,326.41,326.5,2857
20260602,114300,326.47,326.5,326.39,326.41,14094
20260602,114400,326.4,326.41,326.4,326.4,2707
20260602,114500,326.4,326.4,326.4,326.4,1581
20260602,114600,326.4,326.4,326.4,326.4,483
20260602,115000,326.41,326.42,326.4,326.4,17833
20260602,115100,326.41,326.52,326.39,326.52,14498
20260602,115200,326.52,326.52,326.46,326.5,8154
20260602,115300,326.5,326.5,326.4,326.44,7787
20260602,115400,326.41,326.44,326.4,326.43,6096
20260602,115500,326.43,326.43,326.37,326.37,6059
20260602,115600,326.37,326.38,326.33,326.35,11362
20260602,120000,326.39,326.39,326.3,326.37,2045
20260602,120100,326.36,326.39,326.33,326.36,9301
20260602,120200,326.35,326.4,326.35,326.39,10570
20260602,120300,326.4,326.47,326.4,326.46,5681
20260602,120400,326.47,326.47,326.46,326.47,1617
20260602,120500,326.46,326.47,326.4,326.44,19784
20260602,120600,326.42,326.47,326.4,326.4,5336
20260602,121000,326.41,326.44,326.39,326.44,3246
20260602,121100,326.43,326.5,326.43,326.49,20426
20260602,121200,326.48,326.49,326.45,326.45,1841
20260602,121300,326.49,326.5,326.45,326.5,3455
20260602,121400,326.5,326.51,326.49,326.51,7958
20260602,121500,326.51,326.55,326.5,326.55,17049
20260602,121600,326.54,326.55,326.52,326.55,4725
20260602,122000,326.56,326.58,326.49,326.53,9473
20260602,122100,326.51,326.53,326.49,326.51,1350
20260602,122200,326.51,326.53,326.51,326.52,3849
20260602,122300,326.53,326.55,326.49,326.5,1929
20260602,122400,326.5,326.54,326.49,326.51,3514
20260602,122500,326.5,326.51,326.49,326.5,1028
20260602,122600,326.51,326.52,326.49,326.49,18106
20260602,123000,326.4,326.41,326.4,326.41,1822
20260602,123100,326.4,326.41,326.4,326.4,1323
20260602,123200,326.41,326.44,326.4,326.44,1406
20260602,123300,326.44,326.45,326.42,326.45,3449
20260602,123400,326.44,326.45,326.43,326.44,4826
20260602,123500,326.45,326.48,326.44,326.48,3528
20260602,123600,326.48,326.49,326.48,326.49,2023
20260602,124000,326.45,326.45,326.44,326.45,3323
20260602,124100,326.45,326.45,326.41,326.42,3795
20260602,124200,326.42,326.42,326.37,326.38,5883
20260602,124300,326.38,326.4,326.37,326.4,8301
20260602,124400,326.39,326.42,326.37,326.37,1915
20260602,124500,326.39,326.41,326.37,326.38,1100
20260602,124600,326.38,326.43,326.38,326.4,2174
20260602,125000,326.31,326.32,326.31,326.32,977
20260602,125100,326.32,326.38,326.32,326.35,3568
20260602,125200,326.36,326.36,326.32,326.35,546
20260602,125300,326.35,326.35,326.34,326.34,929
20260602,125400,326.34,326.35,326.3,326.31,29579
20260602,125500,326.3,326.32,326.3,326.31,8765
20260602,125600,326.31,326.31,326.25,326.29,4302
20260602,130000,326.39,326.4,326.38,326.38,859
20260602,130100,326.4,326.4,326.38,326.39,631
20260602,130200,326.39,326.39,326.38,326.39,1075
20260602,130300,326.39,326.39,326.37,326.38,2165
20260602,130400,326.38,326.38,326.3,326.36,749
20260602,130500,326.32,326.36,326.3,326.32,11764
20260602,130600,326.3,326.33,326.3,326.31,7979
20260602,131000,326.3,326.31,326.3,326.31,6159
20260602,131100,326.3,326.31,326.22,326.23,3833
20260602,131200,326.23,326.23,326.22,326.23,2831
20260602,131300,326.23,326.23,326.22,326.23,2491
20260602,131400,326.23,326.23,326.2,326.2,24528
20260602,131500,326.2,326.2,325.7,325.99,260344
20260602,131600,325.99,325.99,325.97,325.97,11735
20260602,132000,325.96,325.96,325.94,325.94,24753
20260602,132100,325.94,325.95,325.89,325.92,32051
20260602,132200,325.92,325.93,325.88,325.9,3130
20260602,132300,325.9,325.92,325.89,325.89,7369
20260602,132400,325.91,325.91,325.89,325.9,1068
20260602,132500,325.9,325.95,325.9,325.95,27722
20260602,132600,325.95,326.01,325.94,326.01,17280
20260602,133000,326.01,326.03,326,326.03,2888
20260602,133100,326.03,326.03,326.01,326.01,1048
20260602,133200,326,326.02,326,326.02,671
20260602,133300,326.02,326.02,326.01,326.02,1858
20260602,133400,326.01,326.02,326,326.01,1778
20260602,133500,326.01,326.01,326,326.01,546
20260602,133600,326.01,326.01,326,326.01,588
20260602,134000,326.03,326.06,326.02,326.05,832
20260602,134100,326.02,326.05,326.02,326.03,1852
20260602,134200,326.03,326.09,326.02,326.09,18205
20260602,134300,326.09,326.09,326.06,326.07,2396
20260602,134400,326.07,326.09,326.07,326.08,6974
20260602,134500,326.08,326.09,326.08,326.09,3266
20260602,134600,326.09,326.09,326.08,326.09,982
20260602,135000,326.03,326.03,325.98,325.99,10287
20260602,135100,325.98,325.99,325.98,325.99,491
20260602,135200,325.98,325.99,325.96,325.98,10636
20260602,135300,325.98,325.99,325.97,325.99,1099
20260602,135400,325.99,326,325.97,325.97,1572
20260602,135500,326,326,325.97,325.99,312
20260602,135600,325.99,325.99,325.91,325.95,14274
20260602,140000,326,326,325.99,325.99,1424
20260602,140100,326,326,325.99,325.99,10776
20260602,140200,325.99,325.99,325.98,325.98,1136
20260602,140300,325.98,325.99,325.98,325.99,1883
20260602,140400,325.99,325.99,325.98,325.98,3786
20260602,140500,325.99,326,325.98,326,2511
20260602,140600,326,326,325.98,325.99,4935
20260602,141000,326.14,326.14,326.13,326.14,788
20260602,141100,326.14,326.14,326.13,326.14,4044
20260602,141200,326.14,326.24,326.13,326.24,3963
20260602,141300,326.23,326.4,326.22,326.36,50244
20260602,141400,326.36,326.55,326.33,326.55,45431
20260602,141500,326.55,326.6,326.53,326.54,90811
20260602,141600,326.54,326.59,326.48,326.54,6513
20260602,142000,326.4,326.4,326.38,326.39,914
20260602,142100,326.39,326.39,326.21,326.33,12179
20260602,142200,326.33,326.33,326.21,326.31,2295
20260602,142300,326.29,326.3,326.25,326.28,8660
20260602,142400,326.28,326.32,326.28,326.32,1681
20260602,142500,326.32,326.32,326.28,326.29,515
20260602,142600,326.29,326.29,326.27,326.29,1494
20260602,143000,326.3,326.33,326.27,326.28,3432
20260602,143100,326.33,326.33,326.27,326.3,1613
20260602,143200,326.3,326.33,326.3,326.31,1151
20260602,143300,326.31,326.33,326.27,326.3,2126
20260602,143400,326.26,326.3,326.22,326.3,239
20260602,143500,326.29,326.34,326.29,326.32,3117
20260602,143600,326.32,326.33,326.32,326.32,887
20260602,144000,326.34,326.35,326.34,326.35,4559
20260602,144100,326.36,326.38,326.32,326.37,2697
20260602,144200,326.33,326.39,326.33,326.39,5083
20260602,144300,326.37,326.39,326.37,326.39,5516
20260602,144400,326.37,326.39,326.34,326.39,1497
20260602,144500,326.39,326.39,326.3,326.33,5266
20260602,144600,326.33,326.33,326.3,326.3,863
20260602,145000,326.28,326.28,326.19,326.26,11884
20260602,145100,326.28,326.28,326.27,326.28,143
20260602,145200,326.27,326.28,326.26,326.26,2637
20260602,145300,326.27,326.27,326.25,326.27,75
20260602,145400,326.27,326.27,326.26,326.26,91
20260602,145500,326.26,326.27,326.25,326.27,1021
20260602,145600,326.27,326.28,326.25,326.25,803
20260602,150000,326.25,326.28,326.2,326.26,10923
20260602,150100,326.28,326.28,326.26,326.28,457
20260602,150200,326.27,326.28,326.25,326.26,3503
20260602,150300,326.26,326.26,326.2,326.24,465
20260602,150400,326.24,326.26,326.24,326.24,403
20260602,150500,326.24,326.26,326.23,326.24,736
20260602,150600,326.26,326.26,326.22,326.25,1059
20260602,151000,326.23,326.25,326.21,326.25,2232
20260602,151100,326.21,326.25,326.21,326.25,73
20260602,151200,326.25,326.25,326.21,326.25,1302
20260602,151300,326.21,326.24,326.2,326.2,1353
20260602,151400,326.23,326.23,326.2,326.2,10075
20260602,151500,326.21,326.21,326.2,326.21,1730
20260602,151600,326.2,326.21,326.19,326.2,3632
20260602,152000,326.25,326.27,326.23,326.27,2127
20260602,152100,326.25,326.26,326.25,326.26,2452
20260602,152200,326.26,326.27,326.25,326.27,1253
20260602,152300,326.27,326.27,326.26,326.27,1296
20260602,152400,326.27,326.27,326.26,326.27,214
20260602,152500,326.27,326.27,326.26,326.27,349
20260602,152600,326.27,326.28,326.26,326.28,1328
20260602,153000,326.36,326.36,326.31,326.34,3614
20260602,153100,326.31,326.35,326.31,326.33,5148
20260602,153200,326.33,326.33,326.32,326.32,1548
20260602,153300,326.33,326.35,326.32,326.33,998
20260602,153400,326.33,326.33,326.32,326.32,7177
20260602,153500,326.32,326.35,326.31,326.35,591
20260602,153600,326.34,326.34,326.33,326.33,2271
20260602,154000,326.31,326.39,326.31,326.39,34217
20260602,154100,326.39,326.39,326.33,326.38,560
20260602,154200,326.37,326.4,326.37,326.4,47540
20260602,154300,326.4,326.4,326.39,326.39,455
20260602,154400,326.39,326.4,326.39,326.4,173
20260602,154500,326.39,326.4,326.39,326.39,1637
20260602,154600,326.39,326.4,326.39,326.39,1677
20260602,155000,326.4,326.4,326.34,326.4,2236
20260602,155100,326.39,326.4,326.34,326.39,513
20260602,155200,326.39,326.4,326.37,326.4,878
20260602,155300,326.4,326.4,326.31,326.39,4554
20260602,155400,326.4,326.4,326.39,326.39,346
20260602,155500,326.39,326.4,326.39,326.4,8492
20260602,155600,326.39,326.4,326.39,326.39,1532
20260602,160000,326.39,326.4,326.39,326.4,16202
20260602,160100,326.4,326.5,326.39,326.5,25628
20260602,160200,326.5,326.51,326.5,326.51,6408
20260602,160300,326.5,326.51,326.5,326.51,7168
20260602,160400,326.51,326.6,326.51,326.59,20860
20260602,160500,326.59,326.68,326.59,326.68,23024
20260602,160600,326.68,326.71,326.67,326.71,23822
20260602,161000,326.7,326.71,326.7,326.7,6857
20260602,161100,326.7,326.71,326.7,326.71,2153
20260602,161200,326.71,326.71,326.7,326.7,1176
20260602,161300,326.71,326.71,326.7,326.71,2330
20260602,161400,326.71,326.71,326.7,326.7,8679
20260602,161500,326.7,326.71,326.7,326.71,2469
20260602,161600,326.7,326.71,326.7,326.7,6925
